ts_code,end_date,bz_item,bz_code,bz_sales,bz_profit,bz_cost,curr_type
000004.SZ,20250630,华东,D,12289182.12,5569766.58,6719415.54,CNY
000004.SZ,20250630,移动网络安全业务,P,23436489.46,14453687.62,8982801.84,CNY
000004.SZ,20250630,移动网络安全,I,23436489.46,14453687.62,8982801.84,CNY
000004.SZ,20250630,华中,D,941159.84,,,CNY
000004.SZ,20250630,华北,D,8680549.57,4586233.26,4094316.31,CNY
000004.SZ,20250630,华北,D,8680549.57,4586233.26,4094316.31,CNY
000004.SZ,20250630,应急,P,466981.14,,,CNY
000004.SZ,20250630,移动网络安全,I,23436489.46,14453687.62,8982801.84,CNY
000004.SZ,20250630,医药技术服务,P,3560139.37,1109686.57,2450452.8,CNY
000004.SZ,20250630,西北,D,830780.18,,,CNY
000004.SZ,20250630,华南,D,3656560.23,3150608.47,505951.76,CNY
000004.SZ,20250630,应急,P,466981.14,,,CNY
000004.SZ,20250630,应急产业,I,466981.14,,,CNY
000004.SZ,20250630,华北,D,8680549.57,4586233.26,4094316.31,CNY
000004.SZ,20250630,应急产业,I,466981.14,,,CNY
000004.SZ,20250630,西北,D,830780.18,,,CNY
000004.SZ,20250630,华东,D,12289182.12,5569766.58,6719415.54,CNY
000004.SZ,20250630,西北,D,830780.18,,,CNY
000004.SZ,20250630,华南,D,3656560.23,3150608.47,505951.76,CNY
000004.SZ,20250630,西南,D,1729953.01,,,CNY
000004.SZ,20250630,华东,D,12289182.12,5569766.58,6719415.54,CNY
000004.SZ,20250630,其他收入,P,1038939.26,,,CNY
000004.SZ,20250630,华东,D,12289182.12,5569766.58,6719415.54,CNY
000004.SZ,20250630,医药技术服务,P,3560139.37,1109686.57,2450452.8,CNY
000004.SZ,20250630,医药技术,I,3560139.37,1109686.57,2450452.8,CNY
000004.SZ,20250630,应急产业,I,466981.14,,,CNY
000004.SZ,20250630,西南,D,1729953.01,,,CNY
000004.SZ,20250630,东北,D,374364.28,,,CNY
000004.SZ,20250630,其他收入,P,1038939.26,,,CNY
000004.SZ,20250630,西南,D,1729953.01,,,CNY
000004.SZ,20250630,华南,D,3656560.23,3150608.47,505951.76,CNY
000004.SZ,20250630,医药技术,I,3560139.37,1109686.57,2450452.8,CNY
000004.SZ,20250630,移动网络安全业务,P,23436489.46,14453687.62,8982801.84,CNY
000004.SZ,20250630,西南,D,1729953.01,,,CNY
000004.SZ,20250630,西南,D,1729953.01,,,CNY
000004.SZ,20250630,应急,P,466981.14,,,CNY
000004.SZ,20250630,东北,D,374364.28,,,CNY
000004.SZ,20250630,应急,P,466981.14,,,CNY
000004.SZ,20250630,华北,D,8680549.57,4586233.26,4094316.31,CNY
000004.SZ,20250630,其他(行业),I,1038939.26,,,CNY
000004.SZ,20250630,应急产业,I,466981.14,,,CNY
000004.SZ,20250630,医药技术,I,3560139.37,1109686.57,2450452.8,CNY
000004.SZ,20250630,其他收入,P,1038939.26,,,CNY
000004.SZ,20250630,移动网络安全业务,P,23436489.46,14453687.62,8982801.84,CNY
000004.SZ,20250630,移动网络安全业务,P,23436489.46,14453687.62,8982801.84,CNY
000004.SZ,20250630,其他(行业),I,1038939.26,,,CNY
000004.SZ,20250630,移动网络安全业务,P,23436489.46,14453687.62,8982801.84,CNY
000004.SZ,20250630,医药技术,I,3560139.37,1109686.57,2450452.8,CNY
000004.SZ,20250630,医药技术,I,3560139.37,1109686.57,2450452.8,CNY
000004.SZ,20250630,其他收入,P,1038939.26,,,CNY
000004.SZ,20250630,医药技术服务,P,3560139.37,1109686.57,2450452.8,CNY
000004.SZ,20250630,移动网络安全,I,23436489.46,14453687.62,8982801.84,CNY
000004.SZ,20250630,东北,D,374364.28,,,CNY
000004.SZ,20250630,西南,D,1729953.01,,,CNY
000004.SZ,20250630,东北,D,374364.28,,,CNY
000004.SZ,20250630,西南,D,1729953.01,,,CNY
000004.SZ,20250630,其他(行业),I,1038939.26,,,CNY
000004.SZ,20250630,医药技术,I,3560139.37,1109686.57,2450452.8,CNY
000004.SZ,20250630,西南,D,1729953.01,,,CNY
000004.SZ,20250630,东北,D,374364.28,,,CNY
000004.SZ,20250630,其他(行业),I,1038939.26,,,CNY
000004.SZ,20250630,西北,D,830780.18,,,CNY
000004.SZ,20250630,应急产业,I,466981.14,,,CNY
000004.SZ,20250630,华北,D,8680549.57,4586233.26,4094316.31,CNY
000004.SZ,20250630,医药技术服务,P,3560139.37,1109686.57,2450452.8,CNY
000004.SZ,20250630,移动网络安全业务,P,23436489.46,14453687.62,8982801.84,CNY
000004.SZ,20250630,华东,D,12289182.12,5569766.58,6719415.54,CNY
000004.SZ,20250630,华北,D,8680549.57,4586233.26,4094316.31,CNY
000004.SZ,20250630,东北,D,374364.28,,,CNY
000004.SZ,20250630,其他收入,P,1038939.26,,,CNY
000004.SZ,20250630,华中,D,941159.84,,,CNY
000004.SZ,20250630,东北,D,374364.28,,,CNY
000004.SZ,20250630,华中,D,941159.84,,,CNY
000004.SZ,20250630,其他(行业),I,1038939.26,,,CNY
000004.SZ,20250630,华南,D,3656560.23,3150608.47,505951.76,CNY
000004.SZ,20250630,移动网络安全,I,23436489.46,14453687.62,8982801.84,CNY
000004.SZ,20250630,医药技术服务,P,3560139.37,1109686.57,2450452.8,CNY
000004.SZ,20250630,华中,D,941159.84,,,CNY
000004.SZ,20250630,其他收入,P,1038939.26,,,CNY
000004.SZ,20250630,应急,P,466981.14,,,CNY
000004.SZ,20250630,移动网络安全,I,23436489.46,14453687.62,8982801.84,CNY
000004.SZ,20250630,华东,D,12289182.12,5569766.58,6719415.54,CNY
000004.SZ,20250630,华南,D,3656560.23,3150608.47,505951.76,CNY
000004.SZ,20250630,其他收入,P,1038939.26,,,CNY
000004.SZ,20250630,华南,D,3656560.23,3150608.47,505951.76,CNY
000004.SZ,20250630,华南,D,3656560.23,3150608.47,505951.76,CNY
000004.SZ,20250630,医药技术服务,P,3560139.37,1109686.57,2450452.8,CNY
000004.SZ,20250630,华中,D,941159.84,,,CNY
000004.SZ,20250630,西北,D,830780.18,,,CNY
000004.SZ,20250630,其他(行业),I,1038939.26,,,CNY
000004.SZ,20250630,其他(行业),I,1038939.26,,,CNY
000004.SZ,20250630,应急产业,I,466981.14,,,CNY
000004.SZ,20250630,移动网络安全业务,P,23436489.46,14453687.62,8982801.84,CNY
000004.SZ,20250630,华南,D,3656560.23,3150608.47,505951.76,CNY
000004.SZ,20250630,医药技术,I,3560139.37,1109686.57,2450452.8,CNY
000004.SZ,20250630,其他收入,P,1038939.26,,,CNY
000004.SZ,20250630,其他收入,P,1038939.26,,,CNY
000004.SZ,20250630,应急产业,I,466981.14,,,CNY
000004.SZ,20250630,西北,D,830780.18,,,CNY
000004.SZ,20250630,移动网络安全,I,23436489.46,14453687.62,8982801.84,CNY
000004.SZ,20250630,华中,D,941159.84,,,CNY
000004.SZ,20250630,其他(行业),I,1038939.26,,,CNY
000004.SZ,20250630,移动网络安全,I,23436489.46,14453687.62,8982801.84,CNY
000004.SZ,20250630,华南,D,3656560.23,3150608.47,505951.76,CNY
000004.SZ,20250630,华东,D,12289182.12,5569766.58,6719415.54,CNY
000004.SZ,20250630,华北,D,8680549.57,4586233.26,4094316.31,CNY
000004.SZ,20250630,医药技术,I,3560139.37,1109686.57,2450452.8,CNY
000004.SZ,20250630,华中,D,941159.84,,,CNY
000004.SZ,20250630,应急产业,I,466981.14,,,CNY
000004.SZ,20250630,东北,D,374364.28,,,CNY
000004.SZ,20250630,华中,D,941159.84,,,CNY
000004.SZ,20250630,移动网络安全,I,23436489.46,14453687.62,8982801.84,CNY
000004.SZ,20250630,东北,D,374364.28,,,CNY
000004.SZ,20250630,移动网络安全业务,P,23436489.46,14453687.62,8982801.84,CNY
000004.SZ,20250630,其他(行业),I,1038939.26,,,CNY
000004.SZ,20250630,华东,D,12289182.12,5569766.58,6719415.54,CNY
000004.SZ,20250630,华东,D,12289182.12,5569766.58,6719415.54,CNY
000004.SZ,20250630,华北,D,8680549.57,4586233.26,4094316.31,CNY
000004.SZ,20250630,华南,D,3656560.23,3150608.47,505951.76,CNY
000004.SZ,20250630,医药技术服务,P,3560139.37,1109686.57,2450452.8,CNY
000004.SZ,20250630,医药技术服务,P,3560139.37,1109686.57,2450452.8,CNY
000004.SZ,20250630,医药技术,I,3560139.37,1109686.57,2450452.8,CNY
000004.SZ,20250630,应急,P,466981.14,,,CNY
000004.SZ,20250630,西北,D,830780.18,,,CNY
000004.SZ,20250630,移动网络安全,I,23436489.46,14453687.62,8982801.84,CNY
000004.SZ,20250630,其他(行业),I,1038939.26,,,CNY
000004.SZ,20250630,东北,D,374364.28,,,CNY
000004.SZ,20250630,应急,P,466981.14,,,CNY
000004.SZ,20250630,医药技术服务,P,3560139.37,1109686.57,2450452.8,CNY
000004.SZ,20250630,华北,D,8680549.57,4586233.26,4094316.31,CNY
000004.SZ,20250630,西北,D,830780.18,,,CNY
000004.SZ,20250630,西北,D,830780.18,,,CNY
000004.SZ,20250630,应急,P,466981.14,,,CNY
000004.SZ,20250630,应急产业,I,466981.14,,,CNY
000004.SZ,20250630,应急,P,466981.14,,,CNY
000004.SZ,20250630,西南,D,1729953.01,,,CNY
000004.SZ,20250630,医药技术,I,3560139.37,1109686.57,2450452.8,CNY
000004.SZ,20250630,华北,D,8680549.57,4586233.26,4094316.31,CNY
000004.SZ,20250630,应急,P,466981.14,,,CNY
000004.SZ,20250630,华中,D,941159.84,,,CNY
000004.SZ,20250630,移动网络安全,I,23436489.46,14453687.62,8982801.84,CNY
000004.SZ,20250630,华中,D,941159.84,,,CNY
000004.SZ,20250630,其他收入,P,1038939.26,,,CNY
000004.SZ,20250630,移动网络安全业务,P,23436489.46,14453687.62,8982801.84,CNY
000004.SZ,20250630,西南,D,1729953.01,,,CNY
000004.SZ,20250630,医药技术服务,P,3560139.37,1109686.57,2450452.8,CNY
000004.SZ,20250630,华东,D,12289182.12,5569766.58,6719415.54,CNY
000004.SZ,20250630,应急产业,I,466981.14,,,CNY
000004.SZ,20250630,西北,D,830780.18,,,CNY
000004.SZ,20250630,移动网络安全业务,P,23436489.46,14453687.62,8982801.84,CNY
