ts_code,end_date,bz_item,bz_code,bz_sales,bz_profit,bz_cost,curr_type
000012.SZ,20250630,玻璃产业(行业),I,5866352502.0,866349123.0,5000003379.0,CNY
000012.SZ,20250630,太阳能产业(行业),I,169379424.0,15164323.0,154215101.0,CNY
000012.SZ,20250630,中国大陆,D,5942796807.0,846310550.0,5096486257.0,CNY
000012.SZ,20250630,太阳能产业(行业),I,169379424.0,15164323.0,154215101.0,CNY
000012.SZ,20250630,内部抵销(行业),I,-273558408.0,,,CNY
000012.SZ,20250630,内部抵销(行业),I,-273558408.0,,,CNY
000012.SZ,20250630,平板及工程玻璃产业,P,5866352502.0,866349123.0,5000003379.0,CNY
000012.SZ,20250630,未分配,P,156887679.0,,,CNY
000012.SZ,20250630,未分配,P,156887679.0,,,CNY
000012.SZ,20250630,内部抵销,P,-273558408.0,,,CNY
000012.SZ,20250630,电子及显示器玻璃产品,P,564500923.0,58407911.0,506093012.0,CNY
000012.SZ,20250630,内部抵销(行业),I,-273558408.0,,,CNY
000012.SZ,20250630,电子及显示器玻璃产品,P,564500923.0,58407911.0,506093012.0,CNY
000012.SZ,20250630,太阳能,P,169379424.0,15164323.0,154215101.0,CNY
000012.SZ,20250630,内部抵销(行业),I,-273558408.0,,,CNY
000012.SZ,20250630,玻璃产业(行业),I,5866352502.0,866349123.0,5000003379.0,CNY
000012.SZ,20250630,太阳能,P,169379424.0,15164323.0,154215101.0,CNY
000012.SZ,20250630,太阳能产业(行业),I,169379424.0,15164323.0,154215101.0,CNY
000012.SZ,20250630,中国大陆,D,5942796807.0,846310550.0,5096486257.0,CNY
000012.SZ,20250630,内部抵销,P,-273558408.0,,,CNY
000012.SZ,20250630,内部抵销(行业),I,-273558408.0,,,CNY
000012.SZ,20250630,中国大陆,D,5942796807.0,846310550.0,5096486257.0,CNY
000012.SZ,20250630,平板及工程玻璃产业,P,5866352502.0,866349123.0,5000003379.0,CNY
000012.SZ,20250630,内部抵销,P,-273558408.0,,,CNY
000012.SZ,20250630,平板及工程玻璃产业,P,5866352502.0,866349123.0,5000003379.0,CNY
000012.SZ,20250630,中国港澳台地区及海外地区,D,540765313.0,,,CNY
000012.SZ,20250630,电子及显示器玻璃产品,P,564500923.0,58407911.0,506093012.0,CNY
000012.SZ,20250630,未分配(行业),I,156887679.0,,,CNY
000012.SZ,20250630,电子及显示器玻璃产品,P,564500923.0,58407911.0,506093012.0,CNY
000012.SZ,20250630,玻璃产业(行业),I,5866352502.0,866349123.0,5000003379.0,CNY
000012.SZ,20250630,中国港澳台地区及海外地区,D,540765313.0,,,CNY
000012.SZ,20250630,玻璃产业(行业),I,5866352502.0,866349123.0,5000003379.0,CNY
000012.SZ,20250630,电子及显示器玻璃产业,I,564500923.0,58407911.0,506093012.0,CNY
000012.SZ,20250630,中国港澳台地区及海外地区,D,540765313.0,,,CNY
000012.SZ,20250630,内部抵销,P,-273558408.0,,,CNY
000012.SZ,20250630,太阳能产业(行业),I,169379424.0,15164323.0,154215101.0,CNY
000012.SZ,20250630,未分配(行业),I,156887679.0,,,CNY
000012.SZ,20250630,太阳能,P,169379424.0,15164323.0,154215101.0,CNY
000012.SZ,20250630,内部抵销,P,-273558408.0,,,CNY
000012.SZ,20250630,太阳能,P,169379424.0,15164323.0,154215101.0,CNY
000012.SZ,20250630,未分配,P,156887679.0,,,CNY
000012.SZ,20250630,太阳能,P,169379424.0,15164323.0,154215101.0,CNY
000012.SZ,20250630,太阳能产业(行业),I,169379424.0,15164323.0,154215101.0,CNY
000012.SZ,20250630,电子及显示器玻璃产业,I,564500923.0,58407911.0,506093012.0,CNY
000012.SZ,20250630,电子及显示器玻璃产业,I,564500923.0,58407911.0,506093012.0,CNY
000012.SZ,20250630,玻璃产业(行业),I,5866352502.0,866349123.0,5000003379.0,CNY
000012.SZ,20250630,平板及工程玻璃产业,P,5866352502.0,866349123.0,5000003379.0,CNY
000012.SZ,20250630,电子及显示器玻璃产业,I,564500923.0,58407911.0,506093012.0,CNY
000012.SZ,20250630,太阳能,P,169379424.0,15164323.0,154215101.0,CNY
000012.SZ,20250630,太阳能,P,169379424.0,15164323.0,154215101.0,CNY
000012.SZ,20250630,中国大陆,D,5942796807.0,846310550.0,5096486257.0,CNY
000012.SZ,20250630,中国港澳台地区及海外地区,D,540765313.0,,,CNY
000012.SZ,20250630,内部抵销,P,-273558408.0,,,CNY
000012.SZ,20250630,中国港澳台地区及海外地区,D,540765313.0,,,CNY
000012.SZ,20250630,未分配,P,156887679.0,,,CNY
000012.SZ,20250630,未分配,P,156887679.0,,,CNY
000012.SZ,20250630,太阳能,P,169379424.0,15164323.0,154215101.0,CNY
000012.SZ,20250630,未分配(行业),I,156887679.0,,,CNY
000012.SZ,20250630,玻璃产业(行业),I,5866352502.0,866349123.0,5000003379.0,CNY
000012.SZ,20250630,玻璃产业(行业),I,5866352502.0,866349123.0,5000003379.0,CNY
000012.SZ,20250630,太阳能产业(行业),I,169379424.0,15164323.0,154215101.0,CNY
000012.SZ,20250630,电子及显示器玻璃产业,I,564500923.0,58407911.0,506093012.0,CNY
000012.SZ,20250630,中国大陆,D,5942796807.0,846310550.0,5096486257.0,CNY
000012.SZ,20250630,内部抵销,P,-273558408.0,,,CNY
000012.SZ,20250630,电子及显示器玻璃产业,I,564500923.0,58407911.0,506093012.0,CNY
000012.SZ,20250630,未分配(行业),I,156887679.0,,,CNY
000012.SZ,20250630,中国大陆,D,5942796807.0,846310550.0,5096486257.0,CNY
000012.SZ,20250630,平板及工程玻璃产业,P,5866352502.0,866349123.0,5000003379.0,CNY
000012.SZ,20250630,未分配,P,156887679.0,,,CNY
000012.SZ,20250630,中国大陆,D,5942796807.0,846310550.0,5096486257.0,CNY
000012.SZ,20250630,未分配,P,156887679.0,,,CNY
000012.SZ,20250630,电子及显示器玻璃产品,P,564500923.0,58407911.0,506093012.0,CNY
000012.SZ,20250630,内部抵销,P,-273558408.0,,,CNY
000012.SZ,20250630,太阳能产业(行业),I,169379424.0,15164323.0,154215101.0,CNY
000012.SZ,20250630,平板及工程玻璃产业,P,5866352502.0,866349123.0,5000003379.0,CNY
000012.SZ,20250630,电子及显示器玻璃产品,P,564500923.0,58407911.0,506093012.0,CNY
000012.SZ,20250630,太阳能产业(行业),I,169379424.0,15164323.0,154215101.0,CNY
000012.SZ,20250630,中国港澳台地区及海外地区,D,540765313.0,,,CNY
000012.SZ,20250630,未分配,P,156887679.0,,,CNY
000012.SZ,20250630,平板及工程玻璃产业,P,5866352502.0,866349123.0,5000003379.0,CNY
000012.SZ,20250630,太阳能,P,169379424.0,15164323.0,154215101.0,CNY
000012.SZ,20250630,电子及显示器玻璃产业,I,564500923.0,58407911.0,506093012.0,CNY
000012.SZ,20250630,中国大陆,D,5942796807.0,846310550.0,5096486257.0,CNY
000012.SZ,20250630,平板及工程玻璃产业,P,5866352502.0,866349123.0,5000003379.0,CNY
000012.SZ,20250630,内部抵销,P,-273558408.0,,,CNY
000012.SZ,20250630,中国港澳台地区及海外地区,D,540765313.0,,,CNY
000012.SZ,20250630,平板及工程玻璃产业,P,5866352502.0,866349123.0,5000003379.0,CNY
000012.SZ,20250630,内部抵销(行业),I,-273558408.0,,,CNY
000012.SZ,20250630,中国港澳台地区及海外地区,D,540765313.0,,,CNY
000012.SZ,20250630,内部抵销,P,-273558408.0,,,CNY
000012.SZ,20250630,太阳能产业(行业),I,169379424.0,15164323.0,154215101.0,CNY
000012.SZ,20250630,未分配(行业),I,156887679.0,,,CNY
000012.SZ,20250630,电子及显示器玻璃产品,P,564500923.0,58407911.0,506093012.0,CNY
000012.SZ,20250630,中国港澳台地区及海外地区,D,540765313.0,,,CNY
000012.SZ,20250630,平板及工程玻璃产业,P,5866352502.0,866349123.0,5000003379.0,CNY
000012.SZ,20250630,平板及工程玻璃产业,P,5866352502.0,866349123.0,5000003379.0,CNY
000012.SZ,20250630,电子及显示器玻璃产业,I,564500923.0,58407911.0,506093012.0,CNY
000012.SZ,20250630,未分配(行业),I,156887679.0,,,CNY
000012.SZ,20250630,内部抵销,P,-273558408.0,,,CNY
000012.SZ,20250630,内部抵销(行业),I,-273558408.0,,,CNY
000012.SZ,20250630,内部抵销(行业),I,-273558408.0,,,CNY
000012.SZ,20250630,太阳能,P,169379424.0,15164323.0,154215101.0,CNY
000012.SZ,20250630,未分配(行业),I,156887679.0,,,CNY
000012.SZ,20250630,玻璃产业(行业),I,5866352502.0,866349123.0,5000003379.0,CNY
000012.SZ,20250630,内部抵销(行业),I,-273558408.0,,,CNY
000012.SZ,20250630,太阳能产业(行业),I,169379424.0,15164323.0,154215101.0,CNY
000012.SZ,20250630,中国港澳台地区及海外地区,D,540765313.0,,,CNY
000012.SZ,20250630,玻璃产业(行业),I,5866352502.0,866349123.0,5000003379.0,CNY
000012.SZ,20250630,电子及显示器玻璃产品,P,564500923.0,58407911.0,506093012.0,CNY
000012.SZ,20250630,太阳能,P,169379424.0,15164323.0,154215101.0,CNY
000012.SZ,20250630,电子及显示器玻璃产品,P,564500923.0,58407911.0,506093012.0,CNY
000012.SZ,20250630,平板及工程玻璃产业,P,5866352502.0,866349123.0,5000003379.0,CNY
000012.SZ,20250630,电子及显示器玻璃产品,P,564500923.0,58407911.0,506093012.0,CNY
000012.SZ,20250630,未分配(行业),I,156887679.0,,,CNY
000012.SZ,20250630,中国大陆,D,5942796807.0,846310550.0,5096486257.0,CNY
000012.SZ,20250630,电子及显示器玻璃产业,I,564500923.0,58407911.0,506093012.0,CNY
000012.SZ,20250630,太阳能,P,169379424.0,15164323.0,154215101.0,CNY
000012.SZ,20250630,未分配,P,156887679.0,,,CNY
000012.SZ,20250630,内部抵销,P,-273558408.0,,,CNY
000012.SZ,20250630,玻璃产业(行业),I,5866352502.0,866349123.0,5000003379.0,CNY
000012.SZ,20250630,玻璃产业(行业),I,5866352502.0,866349123.0,5000003379.0,CNY
000012.SZ,20250630,未分配(行业),I,156887679.0,,,CNY
000012.SZ,20250630,中国大陆,D,5942796807.0,846310550.0,5096486257.0,CNY
000012.SZ,20250630,未分配,P,156887679.0,,,CNY
000012.SZ,20250630,未分配,P,156887679.0,,,CNY
000012.SZ,20250630,中国港澳台地区及海外地区,D,540765313.0,,,CNY
000012.SZ,20250630,电子及显示器玻璃产业,I,564500923.0,58407911.0,506093012.0,CNY
000012.SZ,20250630,内部抵销,P,-273558408.0,,,CNY
000012.SZ,20250630,平板及工程玻璃产业,P,5866352502.0,866349123.0,5000003379.0,CNY
000012.SZ,20250630,未分配(行业),I,156887679.0,,,CNY
000012.SZ,20250630,玻璃产业(行业),I,5866352502.0,866349123.0,5000003379.0,CNY
000012.SZ,20250630,未分配(行业),I,156887679.0,,,CNY
000012.SZ,20250630,电子及显示器玻璃产品,P,564500923.0,58407911.0,506093012.0,CNY
000012.SZ,20250630,太阳能,P,169379424.0,15164323.0,154215101.0,CNY
000012.SZ,20250630,电子及显示器玻璃产品,P,564500923.0,58407911.0,506093012.0,CNY
000012.SZ,20250630,内部抵销(行业),I,-273558408.0,,,CNY
000012.SZ,20250630,中国大陆,D,5942796807.0,846310550.0,5096486257.0,CNY
000012.SZ,20250630,未分配,P,156887679.0,,,CNY
000012.SZ,20250630,内部抵销(行业),I,-273558408.0,,,CNY
000012.SZ,20250630,太阳能产业(行业),I,169379424.0,15164323.0,154215101.0,CNY
000012.SZ,20250630,电子及显示器玻璃产品,P,564500923.0,58407911.0,506093012.0,CNY
000012.SZ,20250630,中国港澳台地区及海外地区,D,540765313.0,,,CNY
000012.SZ,20250630,内部抵销(行业),I,-273558408.0,,,CNY
000012.SZ,20250630,未分配,P,156887679.0,,,CNY
000012.SZ,20250630,电子及显示器玻璃产业,I,564500923.0,58407911.0,506093012.0,CNY
000012.SZ,20250630,太阳能产业(行业),I,169379424.0,15164323.0,154215101.0,CNY
000012.SZ,20250630,内部抵销(行业),I,-273558408.0,,,CNY
000012.SZ,20250630,中国港澳台地区及海外地区,D,540765313.0,,,CNY
000012.SZ,20250630,电子及显示器玻璃产业,I,564500923.0,58407911.0,506093012.0,CNY
000012.SZ,20250630,未分配(行业),I,156887679.0,,,CNY
