ts_code,end_date,bz_item,bz_code,bz_sales,bz_profit,bz_cost,curr_type
001376.SZ,20250630,山东,D,122858620.31,38468763.93,84389856.38,CNY
001376.SZ,20250630,江苏,D,291019293.04,114888653.23,176130639.81,CNY
001376.SZ,20250630,江西,D,53606992.54,15273568.95,38333423.59,CNY
001376.SZ,20250630,贵州,D,49928597.03,,,CNY
001376.SZ,20250630,电力,P,53273626.34,29894448.85,23379177.49,CNY
001376.SZ,20250630,蒸汽,P,470721000.24,143555581.47,327165418.77,CNY
001376.SZ,20250630,其他业务(行业),I,2194996.81,2066378.02,128618.79,CNY
001376.SZ,20250630,其他业务,P,2194996.81,2066378.02,128618.79,CNY
001376.SZ,20250630,热力生产和供应,I,175116928.08,33108641.51,142008286.57,CNY
001376.SZ,20250630,热电联产,I,348877698.5,140341388.81,208536309.69,CNY
001376.SZ,20250630,湖北,D,8776120.47,,,CNY
001376.SZ,20250630,贵州,D,49928597.03,,,CNY
001376.SZ,20250630,江西,D,53606992.54,15273568.95,38333423.59,CNY
001376.SZ,20250630,山东,D,122858620.31,38468763.93,84389856.38,CNY
001376.SZ,20250630,其他业务,P,2194996.81,2066378.02,128618.79,CNY
001376.SZ,20250630,江苏,D,291019293.04,114888653.23,176130639.81,CNY
001376.SZ,20250630,电力,P,53273626.34,29894448.85,23379177.49,CNY
001376.SZ,20250630,蒸汽,P,470721000.24,143555581.47,327165418.77,CNY
001376.SZ,20250630,其他业务(行业),I,2194996.81,2066378.02,128618.79,CNY
001376.SZ,20250630,热力生产和供应,I,175116928.08,33108641.51,142008286.57,CNY
001376.SZ,20250630,热电联产,I,348877698.5,140341388.81,208536309.69,CNY
001376.SZ,20250630,湖北,D,8776120.47,,,CNY
001376.SZ,20250630,贵州,D,49928597.03,,,CNY
001376.SZ,20250630,江西,D,53606992.54,15273568.95,38333423.59,CNY
001376.SZ,20250630,山东,D,122858620.31,38468763.93,84389856.38,CNY
001376.SZ,20250630,江苏,D,291019293.04,114888653.23,176130639.81,CNY
001376.SZ,20250630,其他业务,P,2194996.81,2066378.02,128618.79,CNY
001376.SZ,20250630,电力,P,53273626.34,29894448.85,23379177.49,CNY
001376.SZ,20250630,蒸汽,P,470721000.24,143555581.47,327165418.77,CNY
001376.SZ,20250630,热力生产和供应,I,175116928.08,33108641.51,142008286.57,CNY
001376.SZ,20250630,热电联产,I,348877698.5,140341388.81,208536309.69,CNY
001376.SZ,20250630,其他业务(行业),I,2194996.81,2066378.02,128618.79,CNY
001376.SZ,20250630,热电联产,I,348877698.5,140341388.81,208536309.69,CNY
001376.SZ,20250630,湖北,D,8776120.47,,,CNY
001376.SZ,20250630,贵州,D,49928597.03,,,CNY
001376.SZ,20250630,江西,D,53606992.54,15273568.95,38333423.59,CNY
001376.SZ,20250630,山东,D,122858620.31,38468763.93,84389856.38,CNY
001376.SZ,20250630,江苏,D,291019293.04,114888653.23,176130639.81,CNY
001376.SZ,20250630,其他业务,P,2194996.81,2066378.02,128618.79,CNY
001376.SZ,20250630,电力,P,53273626.34,29894448.85,23379177.49,CNY
001376.SZ,20250630,蒸汽,P,470721000.24,143555581.47,327165418.77,CNY
001376.SZ,20250630,其他业务(行业),I,2194996.81,2066378.02,128618.79,CNY
001376.SZ,20250630,热力生产和供应,I,175116928.08,33108641.51,142008286.57,CNY
001376.SZ,20250630,贵州,D,49928597.03,,,CNY
001376.SZ,20250630,江西,D,53606992.54,15273568.95,38333423.59,CNY
001376.SZ,20250630,山东,D,122858620.31,38468763.93,84389856.38,CNY
001376.SZ,20250630,江苏,D,291019293.04,114888653.23,176130639.81,CNY
001376.SZ,20250630,其他业务,P,2194996.81,2066378.02,128618.79,CNY
001376.SZ,20250630,电力,P,53273626.34,29894448.85,23379177.49,CNY
001376.SZ,20250630,蒸汽,P,470721000.24,143555581.47,327165418.77,CNY
001376.SZ,20250630,其他业务(行业),I,2194996.81,2066378.02,128618.79,CNY
001376.SZ,20250630,热力生产和供应,I,175116928.08,33108641.51,142008286.57,CNY
001376.SZ,20250630,热电联产,I,348877698.5,140341388.81,208536309.69,CNY
001376.SZ,20250630,热电联产,I,348877698.5,140341388.81,208536309.69,CNY
001376.SZ,20250630,湖北,D,8776120.47,,,CNY
001376.SZ,20250630,热电联产,I,348877698.5,140341388.81,208536309.69,CNY
001376.SZ,20250630,湖北,D,8776120.47,,,CNY
001376.SZ,20250630,贵州,D,49928597.03,,,CNY
001376.SZ,20250630,江西,D,53606992.54,15273568.95,38333423.59,CNY
001376.SZ,20250630,山东,D,122858620.31,38468763.93,84389856.38,CNY
001376.SZ,20250630,江苏,D,291019293.04,114888653.23,176130639.81,CNY
001376.SZ,20250630,其他业务,P,2194996.81,2066378.02,128618.79,CNY
001376.SZ,20250630,电力,P,53273626.34,29894448.85,23379177.49,CNY
001376.SZ,20250630,蒸汽,P,470721000.24,143555581.47,327165418.77,CNY
001376.SZ,20250630,其他业务(行业),I,2194996.81,2066378.02,128618.79,CNY
001376.SZ,20250630,热力生产和供应,I,175116928.08,33108641.51,142008286.57,CNY
001376.SZ,20250630,湖北,D,8776120.47,,,CNY
001376.SZ,20250630,江西,D,53606992.54,15273568.95,38333423.59,CNY
001376.SZ,20250630,贵州,D,49928597.03,,,CNY
001376.SZ,20250630,江苏,D,291019293.04,114888653.23,176130639.81,CNY
001376.SZ,20250630,山东,D,122858620.31,38468763.93,84389856.38,CNY
001376.SZ,20250630,电力,P,53273626.34,29894448.85,23379177.49,CNY
001376.SZ,20250630,其他业务,P,2194996.81,2066378.02,128618.79,CNY
001376.SZ,20250630,蒸汽,P,470721000.24,143555581.47,327165418.77,CNY
001376.SZ,20250630,湖北,D,8776120.47,,,CNY
001376.SZ,20250630,贵州,D,49928597.03,,,CNY
001376.SZ,20250630,江西,D,53606992.54,15273568.95,38333423.59,CNY
001376.SZ,20250630,山东,D,122858620.31,38468763.93,84389856.38,CNY
001376.SZ,20250630,江苏,D,291019293.04,114888653.23,176130639.81,CNY
001376.SZ,20250630,其他业务,P,2194996.81,2066378.02,128618.79,CNY
001376.SZ,20250630,电力,P,53273626.34,29894448.85,23379177.49,CNY
001376.SZ,20250630,蒸汽,P,470721000.24,143555581.47,327165418.77,CNY
001376.SZ,20250630,热电联产,I,348877698.5,140341388.81,208536309.69,CNY
001376.SZ,20250630,湖北,D,8776120.47,,,CNY
001376.SZ,20250630,贵州,D,49928597.03,,,CNY
001376.SZ,20250630,江西,D,53606992.54,15273568.95,38333423.59,CNY
001376.SZ,20250630,山东,D,122858620.31,38468763.93,84389856.38,CNY
001376.SZ,20250630,江苏,D,291019293.04,114888653.23,176130639.81,CNY
001376.SZ,20250630,其他业务,P,2194996.81,2066378.02,128618.79,CNY
001376.SZ,20250630,电力,P,53273626.34,29894448.85,23379177.49,CNY
001376.SZ,20250630,热力生产和供应,I,175116928.08,33108641.51,142008286.57,CNY
001376.SZ,20250630,热电联产,I,348877698.5,140341388.81,208536309.69,CNY
001376.SZ,20250630,湖北,D,8776120.47,,,CNY
001376.SZ,20250630,贵州,D,49928597.03,,,CNY
001376.SZ,20250630,江西,D,53606992.54,15273568.95,38333423.59,CNY
001376.SZ,20250630,山东,D,122858620.31,38468763.93,84389856.38,CNY
001376.SZ,20250630,江苏,D,291019293.04,114888653.23,176130639.81,CNY
001376.SZ,20250630,其他业务,P,2194996.81,2066378.02,128618.79,CNY
001376.SZ,20250630,电力,P,53273626.34,29894448.85,23379177.49,CNY
001376.SZ,20250630,热力生产和供应,I,175116928.08,33108641.51,142008286.57,CNY
001376.SZ,20250630,其他业务(行业),I,2194996.81,2066378.02,128618.79,CNY
001376.SZ,20250630,蒸汽,P,470721000.24,143555581.47,327165418.77,CNY
001376.SZ,20250630,其他业务(行业),I,2194996.81,2066378.02,128618.79,CNY
001376.SZ,20250630,其他业务(行业),I,2194996.81,2066378.02,128618.79,CNY
001376.SZ,20250630,热力生产和供应,I,175116928.08,33108641.51,142008286.57,CNY
001376.SZ,20250630,蒸汽,P,470721000.24,143555581.47,327165418.77,CNY
001376.SZ,20250630,其他业务(行业),I,2194996.81,2066378.02,128618.79,CNY
001376.SZ,20250630,热力生产和供应,I,175116928.08,33108641.51,142008286.57,CNY
001376.SZ,20250630,热电联产,I,348877698.5,140341388.81,208536309.69,CNY
001376.SZ,20250630,湖北,D,8776120.47,,,CNY
001376.SZ,20250630,贵州,D,49928597.03,,,CNY
001376.SZ,20250630,江西,D,53606992.54,15273568.95,38333423.59,CNY
001376.SZ,20250630,山东,D,122858620.31,38468763.93,84389856.38,CNY
001376.SZ,20250630,江苏,D,291019293.04,114888653.23,176130639.81,CNY
001376.SZ,20250630,其他业务,P,2194996.81,2066378.02,128618.79,CNY
001376.SZ,20250630,电力,P,53273626.34,29894448.85,23379177.49,CNY
001376.SZ,20250630,蒸汽,P,470721000.24,143555581.47,327165418.77,CNY
001376.SZ,20250630,其他业务(行业),I,2194996.81,2066378.02,128618.79,CNY
001376.SZ,20250630,热力生产和供应,I,175116928.08,33108641.51,142008286.57,CNY
001376.SZ,20250630,热电联产,I,348877698.5,140341388.81,208536309.69,CNY
001376.SZ,20250630,湖北,D,8776120.47,,,CNY
001376.SZ,20250630,贵州,D,49928597.03,,,CNY
001376.SZ,20250630,江西,D,53606992.54,15273568.95,38333423.59,CNY
001376.SZ,20250630,山东,D,122858620.31,38468763.93,84389856.38,CNY
001376.SZ,20250630,江苏,D,291019293.04,114888653.23,176130639.81,CNY
001376.SZ,20250630,其他业务,P,2194996.81,2066378.02,128618.79,CNY
001376.SZ,20250630,电力,P,53273626.34,29894448.85,23379177.49,CNY
001376.SZ,20250630,蒸汽,P,470721000.24,143555581.47,327165418.77,CNY
001376.SZ,20250630,其他业务(行业),I,2194996.81,2066378.02,128618.79,CNY
001376.SZ,20250630,热力生产和供应,I,175116928.08,33108641.51,142008286.57,CNY
001376.SZ,20250630,热电联产,I,348877698.5,140341388.81,208536309.69,CNY
001376.SZ,20250630,湖北,D,8776120.47,,,CNY
001376.SZ,20250630,贵州,D,49928597.03,,,CNY
001376.SZ,20250630,江西,D,53606992.54,15273568.95,38333423.59,CNY
001376.SZ,20250630,山东,D,122858620.31,38468763.93,84389856.38,CNY
001376.SZ,20250630,江苏,D,291019293.04,114888653.23,176130639.81,CNY
001376.SZ,20250630,其他业务,P,2194996.81,2066378.02,128618.79,CNY
001376.SZ,20250630,电力,P,53273626.34,29894448.85,23379177.49,CNY
001376.SZ,20250630,蒸汽,P,470721000.24,143555581.47,327165418.77,CNY
001376.SZ,20250630,其他业务(行业),I,2194996.81,2066378.02,128618.79,CNY
001376.SZ,20250630,热力生产和供应,I,175116928.08,33108641.51,142008286.57,CNY
001376.SZ,20250630,热电联产,I,348877698.5,140341388.81,208536309.69,CNY
001376.SZ,20250630,湖北,D,8776120.47,,,CNY
001376.SZ,20241231,电力,P,107796079.62,52614234.8,55181844.82,CNY
001376.SZ,20241231,江苏,D,626745892.93,224195988.17,402549904.76,CNY
001376.SZ,20241231,直销,455006000,1132485704.17,358303618.81,774182085.36,CNY
001376.SZ,20241231,山东,D,308215724.36,103527764.86,204687959.5,CNY
001376.SZ,20241231,湖北,D,15680747.02,,,CNY
001376.SZ,20241231,贵州,D,76010847.85,,,CNY
001376.SZ,20241231,江西,D,105832492.01,,,CNY
