ts_code,end_date,bz_item,bz_code,bz_sales,bz_profit,bz_cost,curr_type
002850.SZ,20250630,华北,D,53905518.28,,,CNY
002850.SZ,20250630,汽车结构件,P,216575149.61,,,CNY
002850.SZ,20250630,华南,D,400945143.4,68731395.14,332213748.26,CNY
002850.SZ,20250630,其他业务,P,8399129.73,3977510.4,4421619.33,CNY
002850.SZ,20250630,其他业务(行业),I,8399129.73,3977510.4,4421619.33,CNY
002850.SZ,20250630,国外,D,252411614.89,,,CNY
002850.SZ,20250630,锂电池结构件,P,6413644959.95,1491729621.69,4921915338.26,CNY
002850.SZ,20250630,华北,D,53905518.28,,,CNY
002850.SZ,20250630,西南,D,699459597.12,103963587.15,595496009.97,CNY
002850.SZ,20250630,国外,D,252411614.89,,,CNY
002850.SZ,20250630,其他业务(行业),I,8399129.73,3977510.4,4421619.33,CNY
002850.SZ,20250630,金属结构制造业,I,6636283656.57,1515813939.32,5120469717.25,CNY
002850.SZ,20250630,华东,D,4332459597.45,1122851131.67,3209608465.78,CNY
002850.SZ,20250630,西北,D,18817418.68,,,CNY
002850.SZ,20250630,西北,D,18817418.68,,,CNY
002850.SZ,20250630,锂电池结构件,P,6413644959.95,1491729621.69,4921915338.26,CNY
002850.SZ,20250630,其他业务(行业),I,8399129.73,3977510.4,4421619.33,CNY
002850.SZ,20250630,华中,D,768287016.7,110700284.64,657586732.06,CNY
002850.SZ,20250630,东北,D,118396879.78,,,CNY
002850.SZ,20250630,东北,D,118396879.78,,,CNY
002850.SZ,20250630,西北,D,18817418.68,,,CNY
002850.SZ,20250630,华东,D,4332459597.45,1122851131.67,3209608465.78,CNY
002850.SZ,20250630,锂电池结构件,P,6413644959.95,1491729621.69,4921915338.26,CNY
002850.SZ,20250630,西南,D,699459597.12,103963587.15,595496009.97,CNY
002850.SZ,20250630,华中,D,768287016.7,110700284.64,657586732.06,CNY
002850.SZ,20250630,锂电池结构件,P,6413644959.95,1491729621.69,4921915338.26,CNY
002850.SZ,20250630,汽车结构件,P,216575149.61,,,CNY
002850.SZ,20250630,华南,D,400945143.4,68731395.14,332213748.26,CNY
002850.SZ,20250630,西南,D,699459597.12,103963587.15,595496009.97,CNY
002850.SZ,20250630,锂电池结构件,P,6413644959.95,1491729621.69,4921915338.26,CNY
002850.SZ,20250630,华中,D,768287016.7,110700284.64,657586732.06,CNY
002850.SZ,20250630,其他业务(行业),I,8399129.73,3977510.4,4421619.33,CNY
002850.SZ,20250630,华南,D,400945143.4,68731395.14,332213748.26,CNY
002850.SZ,20250630,金属结构制造业,I,6636283656.57,1515813939.32,5120469717.25,CNY
002850.SZ,20250630,国外,D,252411614.89,,,CNY
002850.SZ,20250630,其他业务(行业),I,8399129.73,3977510.4,4421619.33,CNY
002850.SZ,20250630,国外,D,252411614.89,,,CNY
002850.SZ,20250630,其他业务(行业),I,8399129.73,3977510.4,4421619.33,CNY
002850.SZ,20250630,华中,D,768287016.7,110700284.64,657586732.06,CNY
002850.SZ,20250630,锂电池结构件,P,6413644959.95,1491729621.69,4921915338.26,CNY
002850.SZ,20250630,汽车结构件,P,216575149.61,,,CNY
002850.SZ,20250630,西南,D,699459597.12,103963587.15,595496009.97,CNY
002850.SZ,20250630,西南,D,699459597.12,103963587.15,595496009.97,CNY
002850.SZ,20250630,华北,D,53905518.28,,,CNY
002850.SZ,20250630,东北,D,118396879.78,,,CNY
002850.SZ,20250630,金属结构制造业,I,6636283656.57,1515813939.32,5120469717.25,CNY
002850.SZ,20250630,其他结构件,P,6063547.01,,,CNY
002850.SZ,20250630,其他业务,P,8399129.73,3977510.4,4421619.33,CNY
002850.SZ,20250630,其他业务,P,8399129.73,3977510.4,4421619.33,CNY
002850.SZ,20250630,其他业务,P,8399129.73,3977510.4,4421619.33,CNY
002850.SZ,20250630,华南,D,400945143.4,68731395.14,332213748.26,CNY
002850.SZ,20250630,华南,D,400945143.4,68731395.14,332213748.26,CNY
002850.SZ,20250630,华东,D,4332459597.45,1122851131.67,3209608465.78,CNY
002850.SZ,20250630,西南,D,699459597.12,103963587.15,595496009.97,CNY
002850.SZ,20250630,华北,D,53905518.28,,,CNY
002850.SZ,20250630,金属结构制造业,I,6636283656.57,1515813939.32,5120469717.25,CNY
002850.SZ,20250630,汽车结构件,P,216575149.61,,,CNY
002850.SZ,20250630,国外,D,252411614.89,,,CNY
002850.SZ,20250630,其他业务,P,8399129.73,3977510.4,4421619.33,CNY
002850.SZ,20250630,东北,D,118396879.78,,,CNY
002850.SZ,20250630,西北,D,18817418.68,,,CNY
002850.SZ,20250630,其他业务(行业),I,8399129.73,3977510.4,4421619.33,CNY
002850.SZ,20250630,其他结构件,P,6063547.01,,,CNY
002850.SZ,20250630,其他结构件,P,6063547.01,,,CNY
002850.SZ,20250630,国外,D,252411614.89,,,CNY
002850.SZ,20250630,其他结构件,P,6063547.01,,,CNY
002850.SZ,20250630,西北,D,18817418.68,,,CNY
002850.SZ,20250630,华北,D,53905518.28,,,CNY
002850.SZ,20250630,华北,D,53905518.28,,,CNY
002850.SZ,20250630,华中,D,768287016.7,110700284.64,657586732.06,CNY
002850.SZ,20250630,东北,D,118396879.78,,,CNY
002850.SZ,20250630,其他结构件,P,6063547.01,,,CNY
002850.SZ,20250630,汽车结构件,P,216575149.61,,,CNY
002850.SZ,20250630,其他业务,P,8399129.73,3977510.4,4421619.33,CNY
002850.SZ,20250630,汽车结构件,P,216575149.61,,,CNY
002850.SZ,20250630,西南,D,699459597.12,103963587.15,595496009.97,CNY
002850.SZ,20250630,金属结构制造业,I,6636283656.57,1515813939.32,5120469717.25,CNY
002850.SZ,20250630,西北,D,18817418.68,,,CNY
002850.SZ,20250630,其他业务(行业),I,8399129.73,3977510.4,4421619.33,CNY
002850.SZ,20250630,锂电池结构件,P,6413644959.95,1491729621.69,4921915338.26,CNY
002850.SZ,20250630,华中,D,768287016.7,110700284.64,657586732.06,CNY
002850.SZ,20250630,西南,D,699459597.12,103963587.15,595496009.97,CNY
002850.SZ,20250630,华东,D,4332459597.45,1122851131.67,3209608465.78,CNY
002850.SZ,20250630,东北,D,118396879.78,,,CNY
002850.SZ,20250630,西北,D,18817418.68,,,CNY
002850.SZ,20250630,金属结构制造业,I,6636283656.57,1515813939.32,5120469717.25,CNY
002850.SZ,20250630,国外,D,252411614.89,,,CNY
002850.SZ,20250630,华南,D,400945143.4,68731395.14,332213748.26,CNY
002850.SZ,20250630,西北,D,18817418.68,,,CNY
002850.SZ,20250630,华北,D,53905518.28,,,CNY
002850.SZ,20250630,东北,D,118396879.78,,,CNY
002850.SZ,20250630,其他业务,P,8399129.73,3977510.4,4421619.33,CNY
002850.SZ,20250630,汽车结构件,P,216575149.61,,,CNY
002850.SZ,20250630,金属结构制造业,I,6636283656.57,1515813939.32,5120469717.25,CNY
002850.SZ,20250630,其他结构件,P,6063547.01,,,CNY
002850.SZ,20250630,东北,D,118396879.78,,,CNY
002850.SZ,20250630,华东,D,4332459597.45,1122851131.67,3209608465.78,CNY
002850.SZ,20250630,其他结构件,P,6063547.01,,,CNY
002850.SZ,20250630,华中,D,768287016.7,110700284.64,657586732.06,CNY
002850.SZ,20250630,汽车结构件,P,216575149.61,,,CNY
002850.SZ,20250630,西北,D,18817418.68,,,CNY
002850.SZ,20250630,金属结构制造业,I,6636283656.57,1515813939.32,5120469717.25,CNY
002850.SZ,20250630,华北,D,53905518.28,,,CNY
002850.SZ,20250630,锂电池结构件,P,6413644959.95,1491729621.69,4921915338.26,CNY
002850.SZ,20250630,华南,D,400945143.4,68731395.14,332213748.26,CNY
002850.SZ,20250630,华东,D,4332459597.45,1122851131.67,3209608465.78,CNY
002850.SZ,20250630,锂电池结构件,P,6413644959.95,1491729621.69,4921915338.26,CNY
002850.SZ,20250630,西南,D,699459597.12,103963587.15,595496009.97,CNY
002850.SZ,20250630,国外,D,252411614.89,,,CNY
002850.SZ,20250630,华东,D,4332459597.45,1122851131.67,3209608465.78,CNY
002850.SZ,20250630,其他业务,P,8399129.73,3977510.4,4421619.33,CNY
002850.SZ,20250630,其他结构件,P,6063547.01,,,CNY
002850.SZ,20250630,金属结构制造业,I,6636283656.57,1515813939.32,5120469717.25,CNY
002850.SZ,20250630,东北,D,118396879.78,,,CNY
002850.SZ,20250630,其他业务(行业),I,8399129.73,3977510.4,4421619.33,CNY
002850.SZ,20250630,汽车结构件,P,216575149.61,,,CNY
002850.SZ,20250630,国外,D,252411614.89,,,CNY
002850.SZ,20250630,华南,D,400945143.4,68731395.14,332213748.26,CNY
002850.SZ,20250630,华中,D,768287016.7,110700284.64,657586732.06,CNY
002850.SZ,20250630,华东,D,4332459597.45,1122851131.67,3209608465.78,CNY
002850.SZ,20250630,其他结构件,P,6063547.01,,,CNY
002850.SZ,20250630,其他业务,P,8399129.73,3977510.4,4421619.33,CNY
002850.SZ,20250630,金属结构制造业,I,6636283656.57,1515813939.32,5120469717.25,CNY
002850.SZ,20250630,其他结构件,P,6063547.01,,,CNY
002850.SZ,20250630,华东,D,4332459597.45,1122851131.67,3209608465.78,CNY
002850.SZ,20250630,锂电池结构件,P,6413644959.95,1491729621.69,4921915338.26,CNY
002850.SZ,20250630,国外,D,252411614.89,,,CNY
002850.SZ,20250630,国外,D,252411614.89,,,CNY
002850.SZ,20250630,金属结构制造业,I,6636283656.57,1515813939.32,5120469717.25,CNY
002850.SZ,20250630,其他业务(行业),I,8399129.73,3977510.4,4421619.33,CNY
002850.SZ,20250630,汽车结构件,P,216575149.61,,,CNY
002850.SZ,20250630,华北,D,53905518.28,,,CNY
002850.SZ,20250630,东北,D,118396879.78,,,CNY
002850.SZ,20250630,西北,D,18817418.68,,,CNY
002850.SZ,20250630,华南,D,400945143.4,68731395.14,332213748.26,CNY
002850.SZ,20250630,西南,D,699459597.12,103963587.15,595496009.97,CNY
002850.SZ,20250630,华中,D,768287016.7,110700284.64,657586732.06,CNY
002850.SZ,20250630,西北,D,18817418.68,,,CNY
002850.SZ,20250630,东北,D,118396879.78,,,CNY
002850.SZ,20250630,华北,D,53905518.28,,,CNY
002850.SZ,20250630,西南,D,699459597.12,103963587.15,595496009.97,CNY
002850.SZ,20250630,华中,D,768287016.7,110700284.64,657586732.06,CNY
002850.SZ,20250630,华南,D,400945143.4,68731395.14,332213748.26,CNY
002850.SZ,20250630,华东,D,4332459597.45,1122851131.67,3209608465.78,CNY
002850.SZ,20250630,其他业务,P,8399129.73,3977510.4,4421619.33,CNY
002850.SZ,20250630,其他结构件,P,6063547.01,,,CNY
002850.SZ,20250630,华北,D,53905518.28,,,CNY
002850.SZ,20250630,华中,D,768287016.7,110700284.64,657586732.06,CNY
002850.SZ,20250630,华南,D,400945143.4,68731395.14,332213748.26,CNY
002850.SZ,20250630,华东,D,4332459597.45,1122851131.67,3209608465.78,CNY
