ts_code,end_date,bz_item,bz_code,bz_sales,bz_profit,bz_cost,curr_type
300848.SZ,20250630,聚氨酯新材料,P,762605458.13,107813187.48,654792270.65,CNY
300848.SZ,20250630,功能化工品原料,P,36118401.52,4830469.94,31287931.58,CNY
300848.SZ,20250630,直销,455006000,476368236.8,78510731.4,397857505.4,CNY
300848.SZ,20250630,国外,D,78981887.56,18240263.46,60741624.1,CNY
300848.SZ,20250630,功能化工品原料,P,36118401.52,4830469.94,31287931.58,CNY
300848.SZ,20250630,中国大陆,D,721718376.76,91994417.3,629723959.46,CNY
300848.SZ,20250630,聚氨酯新材料,P,762605458.13,107813187.48,654792270.65,CNY
300848.SZ,20250630,农、副产品,P,1976404.67,-2408976.66,4385381.33,CNY
300848.SZ,20250630,经销,455006000,324332027.52,31723949.36,292608078.16,CNY
300848.SZ,20250630,直销,455006000,476368236.8,78510731.4,397857505.4,CNY
300848.SZ,20250630,功能化工品原料,P,36118401.52,4830469.94,31287931.58,CNY
300848.SZ,20250630,经销,455006000,324332027.52,31723949.36,292608078.16,CNY
300848.SZ,20250630,直销,455006000,476368236.8,78510731.4,397857505.4,CNY
300848.SZ,20250630,功能化工品原料,P,36118401.52,4830469.94,31287931.58,CNY
300848.SZ,20250630,中国大陆,D,721718376.76,91994417.3,629723959.46,CNY
300848.SZ,20250630,农、副产品,P,1976404.67,-2408976.66,4385381.33,CNY
300848.SZ,20250630,国外,D,78981887.56,18240263.46,60741624.1,CNY
300848.SZ,20250630,聚氨酯新材料,P,762605458.13,107813187.48,654792270.65,CNY
300848.SZ,20250630,经销,455006000,324332027.52,31723949.36,292608078.16,CNY
300848.SZ,20250630,功能化工品原料,P,36118401.52,4830469.94,31287931.58,CNY
300848.SZ,20250630,经销,455006000,324332027.52,31723949.36,292608078.16,CNY
300848.SZ,20250630,直销,455006000,476368236.8,78510731.4,397857505.4,CNY
300848.SZ,20250630,中国大陆,D,721718376.76,91994417.3,629723959.46,CNY
300848.SZ,20250630,聚氨酯新材料,P,762605458.13,107813187.48,654792270.65,CNY
300848.SZ,20250630,农、副产品,P,1976404.67,-2408976.66,4385381.33,CNY
300848.SZ,20250630,国外,D,78981887.56,18240263.46,60741624.1,CNY
300848.SZ,20250630,功能化工品原料,P,36118401.52,4830469.94,31287931.58,CNY
300848.SZ,20250630,国外,D,78981887.56,18240263.46,60741624.1,CNY
300848.SZ,20250630,中国大陆,D,721718376.76,91994417.3,629723959.46,CNY
300848.SZ,20250630,国外,D,78981887.56,18240263.46,60741624.1,CNY
300848.SZ,20250630,国外,D,78981887.56,18240263.46,60741624.1,CNY
300848.SZ,20250630,国外,D,78981887.56,18240263.46,60741624.1,CNY
300848.SZ,20250630,聚氨酯新材料,P,762605458.13,107813187.48,654792270.65,CNY
300848.SZ,20250630,中国大陆,D,721718376.76,91994417.3,629723959.46,CNY
300848.SZ,20250630,功能化工品原料,P,36118401.52,4830469.94,31287931.58,CNY
300848.SZ,20250630,经销,455006000,324332027.52,31723949.36,292608078.16,CNY
300848.SZ,20250630,直销,455006000,476368236.8,78510731.4,397857505.4,CNY
300848.SZ,20250630,聚氨酯新材料,P,762605458.13,107813187.48,654792270.65,CNY
300848.SZ,20250630,农、副产品,P,1976404.67,-2408976.66,4385381.33,CNY
300848.SZ,20250630,中国大陆,D,721718376.76,91994417.3,629723959.46,CNY
300848.SZ,20250630,国外,D,78981887.56,18240263.46,60741624.1,CNY
300848.SZ,20250630,功能化工品原料,P,36118401.52,4830469.94,31287931.58,CNY
300848.SZ,20250630,直销,455006000,476368236.8,78510731.4,397857505.4,CNY
300848.SZ,20250630,农、副产品,P,1976404.67,-2408976.66,4385381.33,CNY
300848.SZ,20250630,经销,455006000,324332027.52,31723949.36,292608078.16,CNY
300848.SZ,20250630,聚氨酯新材料,P,762605458.13,107813187.48,654792270.65,CNY
300848.SZ,20250630,经销,455006000,324332027.52,31723949.36,292608078.16,CNY
300848.SZ,20250630,直销,455006000,476368236.8,78510731.4,397857505.4,CNY
300848.SZ,20250630,直销,455006000,476368236.8,78510731.4,397857505.4,CNY
300848.SZ,20250630,中国大陆,D,721718376.76,91994417.3,629723959.46,CNY
300848.SZ,20250630,经销,455006000,324332027.52,31723949.36,292608078.16,CNY
300848.SZ,20250630,农、副产品,P,1976404.67,-2408976.66,4385381.33,CNY
300848.SZ,20250630,农、副产品,P,1976404.67,-2408976.66,4385381.33,CNY
300848.SZ,20250630,中国大陆,D,721718376.76,91994417.3,629723959.46,CNY
300848.SZ,20250630,农、副产品,P,1976404.67,-2408976.66,4385381.33,CNY
300848.SZ,20250630,聚氨酯新材料,P,762605458.13,107813187.48,654792270.65,CNY
300848.SZ,20241231,国外,D,145643929.94,24639382.42,121004547.52,CNY
300848.SZ,20241231,化学原料和化学制品制造业,I,1658430204.89,214066211.92,1444363992.97,CNY
300848.SZ,20241231,聚氨酯新材料,P,1653048006.35,213458976.28,1439589030.07,CNY
300848.SZ,20241231,中国大陆,D,1512786274.95,189426829.5,1323359445.45,CNY
300848.SZ,20241231,直销,455006000,953617447.58,152773559.03,800843888.55,CNY
300848.SZ,20241231,经销,455006000,704812757.31,61292652.89,643520104.42,CNY
300848.SZ,20241231,农、副产品,P,5382198.54,607235.64,4774962.9,CNY
300848.SZ,20240630,国外,D,76197240.82,12070517.25,64126723.57,CNY
300848.SZ,20240630,聚氨酯新材料,P,797698030.13,97063294.78,700634735.35,CNY
300848.SZ,20240630,农、副产品,P,2844376.78,679123.27,2165253.51,CNY
300848.SZ,20240630,中国大陆,D,724345166.09,85671900.8,638673265.29,CNY
300848.SZ,20231231,农、副产品,P,4389716.42,1045012.82,3344703.6,CNY
300848.SZ,20231231,化学原料和化学制品制造业,I,1475144774.89,207142177.56,1268002597.33,CNY
300848.SZ,20231231,其他业务,P,4389716.42,1045012.82,3344703.6,CNY
300848.SZ,20231231,国外,D,154191386.36,30769466.67,123421919.69,CNY
300848.SZ,20231231,聚氨酯新材料,P,1470755058.47,206097164.74,1264657893.73,CNY
300848.SZ,20231231,中国大陆,D,1320953388.53,176372710.89,1144580677.64,CNY
300848.SZ,20230630,其他业务,P,31525916.57,5240447.46,26285469.11,CNY
300848.SZ,20230630,TPU,P,687504928.3,112069154.83,575435773.47,CNY
300848.SZ,20230630,中国大陆,D,638172316.56,,,CNY
300848.SZ,20230630,国外,D,80858528.31,,,CNY
300848.SZ,20221231,其他业务,P,27226318.43,2538415.78,24687902.65,CNY
300848.SZ,20221231,TPU,P,1447836432.94,197759343.2,1250077089.74,CNY
300848.SZ,20221231,化学原料和化学制品制造业,I,1475062751.37,200297758.98,1274764992.39,CNY
300848.SZ,20221231,中国大陆,D,1267854792.98,165729326.65,1102125466.33,CNY
300848.SZ,20221231,国外,D,207207958.39,34568432.33,172639526.06,CNY
300848.SZ,20220630,TPU,P,778616153.97,106873142.52,671743011.45,CNY
300848.SZ,20220630,中国大陆,D,651810251.37,,,CNY
300848.SZ,20220630,国外,D,141587133.29,,,CNY
300848.SZ,20220630,其他业务,P,14781230.69,1319897.82,13461332.87,CNY
300848.SZ,20211231,其他业务,P,12981426.54,1178172.13,11803254.41,CNY
300848.SZ,20211231,化学原料和化学制品制造业,I,1297752752.2,204099812.13,1093652940.07,CNY
300848.SZ,20211231,TPU,P,1284771325.66,202921640.0,1081849685.66,CNY
300848.SZ,20211231,中国大陆,D,1168839640.45,185478243.91,983361396.54,CNY
300848.SZ,20211231,国外,D,128913111.75,,,CNY
300848.SZ,20210630,其他业务,P,111676.97,85360.96,26316.01,CNY
300848.SZ,20210630,TPU,P,525926800.5,82941372.68,442985427.82,CNY
300848.SZ,20210630,中国大陆,D,480022533.21,,,CNY
300848.SZ,20210630,国外,D,46015944.26,,,CNY
300848.SZ,20201231,其他业务,P,375495.56,120982.9,254512.66,CNY
300848.SZ,20201231,化学原料和化学制品制造业,I,756861545.18,163462190.65,593399354.53,CNY
300848.SZ,20201231,TPU,P,756486049.62,163341207.75,593144841.87,CNY
300848.SZ,20201231,中国大陆,D,699712053.95,,,CNY
300848.SZ,20201231,国外,D,57149491.23,,,CNY
300848.SZ,20200630,其他业务,P,288856.62,-7114821.33,7403677.95,CNY
300848.SZ,20200630,发泡型,P,10781942.5,,,CNY
300848.SZ,20200630,聚酯分部,P,233550849.63,46685232.52,186865617.11,CNY
300848.SZ,20200630,聚醚型,P,33716137.48,11480244.32,22235893.16,CNY
300848.SZ,20191231,电子注塑,I,298793300.0,,,CNY
300848.SZ,20191231,管材,I,61695800.0,,,CNY
300848.SZ,20191231,薄膜,I,135604400.0,,,CNY
300848.SZ,20191231,改性包胶,I,26475500.0,,,CNY
300848.SZ,20191231,工业传动,I,39571400.0,,,CNY
300848.SZ,20191231,胶黏剂,I,27756600.0,,,CNY
300848.SZ,20191231,鞋材,I,30972000.0,,,CNY
300848.SZ,20191231,其他(行业),I,23899200.0,,,CNY
300848.SZ,20191231,特殊聚酯型,P,310190600.0,86009000.0,224181600.0,CNY
300848.SZ,20191231,聚醚型,P,61220600.0,18066600.0,43154000.0,CNY
300848.SZ,20191231,发泡型,P,27654500.0,10827100.0,16827400.0,CNY
300848.SZ,20191231,华南,D,353912100.0,,,CNY
300848.SZ,20191231,华东,D,214819500.0,,,CNY
300848.SZ,20191231,其他(地区),D,14235300.0,,,CNY
300848.SZ,20191231,国外,D,61801200.0,,,CNY
300848.SZ,20191231,其他业务(地区),D,3749970.18,,,CNY
300848.SZ,20191231,其他业务,P,3749970.18,760032.32,2989937.86,CNY
300848.SZ,20191231,通用聚酯型,P,245702400.0,41984900.0,203717500.0,CNY
300848.SZ,20190630,薄膜,I,57911000.0,,,CNY
300848.SZ,20190630,电子注塑,I,113296600.0,,,CNY
300848.SZ,20190630,发泡型,P,16397600.0,6090700.0,10306900.0,CNY
300848.SZ,20190630,改性包胶,I,12705000.0,,,CNY
300848.SZ,20190630,工业传动,I,12170800.0,,,CNY
300848.SZ,20190630,管材,I,30738300.0,,,CNY
300848.SZ,20190630,华东,D,95502800.0,,,CNY
300848.SZ,20190630,华南,D,145126700.0,,,CNY
300848.SZ,20190630,胶黏剂,I,10698900.0,,,CNY
300848.SZ,20190630,国外,D,26422100.0,,,CNY
300848.SZ,20190630,聚醚型,P,33478300.0,8021500.0,25456800.0,CNY
300848.SZ,20190630,其他主营业务,I,18606600.0,,,CNY
300848.SZ,20190630,其他(地区),D,7833800.0,,,CNY
300848.SZ,20190630,特殊聚酯型,P,125307600.0,34379900.0,90927700.0,CNY
300848.SZ,20190630,通用聚酯型,P,99701900.0,16900600.0,82801300.0,CNY
300848.SZ,20190630,鞋材,I,18758200.0,,,CNY
300848.SZ,20190630,其他业务(地区),D,2244630.41,,,CNY
300848.SZ,20190630,其他业务,P,2244530.41,601174.35,1643356.06,CNY
300848.SZ,20181231,薄膜,I,82842800.0,,,CNY
300848.SZ,20181231,改性包胶,I,33869600.0,,,CNY
300848.SZ,20181231,工业传动,I,23425700.0,,,CNY
300848.SZ,20181231,胶黏剂,I,23414500.0,,,CNY
300848.SZ,20181231,其他(行业),I,20231500.0,,,CNY
300848.SZ,20181231,聚醚型,P,92283600.0,18624700.0,73658900.0,CNY
300848.SZ,20181231,发泡型,P,16202400.0,7338900.0,8863500.0,CNY
300848.SZ,20181231,华南,D,342277600.0,,,CNY
300848.SZ,20181231,华东,D,182517800.0,,,CNY
300848.SZ,20181231,其他(地区),D,21247700.0,,,CNY
