ts_code,end_date,bz_item,bz_code,bz_sales,bz_profit,bz_cost,curr_type
300979.SZ,20250630,直销模式,455006000,12649044746.09,2761620299.49,9887424446.6,CNY
300979.SZ,20250630,运动鞋,I,12649044746.09,2761620299.49,9887424446.6,CNY
300979.SZ,20250630,拖鞋,P,1051643644.08,250317681.59,801325962.49,CNY
300979.SZ,20250630,其他业务,P,11819687.23,4249718.23,7569969.0,CNY
300979.SZ,20250630,美国,D,9887009704.18,2286334611.7,7600675092.48,CNY
300979.SZ,20250630,欧洲,D,2397622112.84,405560797.65,1992061315.19,CNY
300979.SZ,20250630,户外鞋品,P,261648645.54,33914154.87,227734490.67,CNY
300979.SZ,20250630,其他业务(销售模式),455006000,11819687.23,4249718.23,7569969.0,CNY
300979.SZ,20250630,休闲运动类,P,11335752456.47,2477388463.03,8858363993.44,CNY
300979.SZ,20250630,其他业务(行业),I,11819687.23,4249718.23,7569969.0,CNY
300979.SZ,20250630,欧洲,D,2397622112.84,405560797.65,1992061315.19,CNY
300979.SZ,20250630,休闲运动类,P,11335752456.47,2477388463.03,8858363993.44,CNY
300979.SZ,20250630,美国,D,9887009704.18,2286334611.7,7600675092.48,CNY
300979.SZ,20250630,美国,D,9887009704.18,2286334611.7,7600675092.48,CNY
300979.SZ,20250630,户外鞋品,P,261648645.54,33914154.87,227734490.67,CNY
300979.SZ,20250630,运动鞋,I,12649044746.09,2761620299.49,9887424446.6,CNY
300979.SZ,20250630,其他业务(地区),D,11819687.23,4249718.23,7569969.0,CNY
300979.SZ,20250630,欧洲,D,2397622112.84,405560797.65,1992061315.19,CNY
300979.SZ,20250630,户外鞋品,P,261648645.54,33914154.87,227734490.67,CNY
300979.SZ,20250630,直销模式,455006000,12649044746.09,2761620299.49,9887424446.6,CNY
300979.SZ,20250630,休闲运动类,P,11335752456.47,2477388463.03,8858363993.44,CNY
300979.SZ,20250630,其他业务(销售模式),455006000,11819687.23,4249718.23,7569969.0,CNY
300979.SZ,20250630,其他业务(行业),I,11819687.23,4249718.23,7569969.0,CNY
300979.SZ,20250630,拖鞋,P,1051643644.08,250317681.59,801325962.49,CNY
300979.SZ,20250630,运动鞋,I,12649044746.09,2761620299.49,9887424446.6,CNY
300979.SZ,20250630,欧洲,D,2397622112.84,405560797.65,1992061315.19,CNY
300979.SZ,20250630,美国,D,9887009704.18,2286334611.7,7600675092.48,CNY
300979.SZ,20250630,户外鞋品,P,261648645.54,33914154.87,227734490.67,CNY
300979.SZ,20250630,直销模式,455006000,12649044746.09,2761620299.49,9887424446.6,CNY
300979.SZ,20250630,运动鞋,I,12649044746.09,2761620299.49,9887424446.6,CNY
300979.SZ,20250630,其他(地区),D,364412929.07,69724890.14,294688038.93,CNY
300979.SZ,20250630,休闲运动类,P,11335752456.47,2477388463.03,8858363993.44,CNY
300979.SZ,20250630,其他业务(销售模式),455006000,11819687.23,4249718.23,7569969.0,CNY
300979.SZ,20250630,其他业务(行业),I,11819687.23,4249718.23,7569969.0,CNY
300979.SZ,20250630,其他业务(地区),D,11819687.23,4249718.23,7569969.0,CNY
300979.SZ,20250630,户外鞋品,P,261648645.54,33914154.87,227734490.67,CNY
300979.SZ,20250630,直销模式,455006000,12649044746.09,2761620299.49,9887424446.6,CNY
300979.SZ,20250630,休闲运动类,P,11335752456.47,2477388463.03,8858363993.44,CNY
300979.SZ,20250630,其他业务(销售模式),455006000,11819687.23,4249718.23,7569969.0,CNY
300979.SZ,20250630,其他业务(地区),D,11819687.23,4249718.23,7569969.0,CNY
300979.SZ,20250630,拖鞋,P,1051643644.08,250317681.59,801325962.49,CNY
300979.SZ,20250630,运动鞋,I,12649044746.09,2761620299.49,9887424446.6,CNY
300979.SZ,20250630,其他(地区),D,364412929.07,69724890.14,294688038.93,CNY
300979.SZ,20250630,欧洲,D,2397622112.84,405560797.65,1992061315.19,CNY
300979.SZ,20250630,美国,D,9887009704.18,2286334611.7,7600675092.48,CNY
300979.SZ,20250630,户外鞋品,P,261648645.54,33914154.87,227734490.67,CNY
300979.SZ,20250630,直销模式,455006000,12649044746.09,2761620299.49,9887424446.6,CNY
300979.SZ,20250630,休闲运动类,P,11335752456.47,2477388463.03,8858363993.44,CNY
300979.SZ,20250630,其他业务(销售模式),455006000,11819687.23,4249718.23,7569969.0,CNY
300979.SZ,20250630,其他(地区),D,364412929.07,69724890.14,294688038.93,CNY
300979.SZ,20250630,直销模式,455006000,12649044746.09,2761620299.49,9887424446.6,CNY
300979.SZ,20250630,其他业务(销售模式),455006000,11819687.23,4249718.23,7569969.0,CNY
300979.SZ,20250630,户外鞋品,P,261648645.54,33914154.87,227734490.67,CNY
300979.SZ,20250630,其他业务(行业),I,11819687.23,4249718.23,7569969.0,CNY
300979.SZ,20250630,其他业务(地区),D,11819687.23,4249718.23,7569969.0,CNY
300979.SZ,20250630,其他业务,P,11819687.23,4249718.23,7569969.0,CNY
300979.SZ,20250630,拖鞋,P,1051643644.08,250317681.59,801325962.49,CNY
300979.SZ,20250630,其他(地区),D,364412929.07,69724890.14,294688038.93,CNY
300979.SZ,20250630,运动鞋,I,12649044746.09,2761620299.49,9887424446.6,CNY
300979.SZ,20250630,运动鞋,I,12649044746.09,2761620299.49,9887424446.6,CNY
300979.SZ,20250630,其他业务(行业),I,11819687.23,4249718.23,7569969.0,CNY
300979.SZ,20250630,欧洲,D,2397622112.84,405560797.65,1992061315.19,CNY
300979.SZ,20250630,其他业务(地区),D,11819687.23,4249718.23,7569969.0,CNY
300979.SZ,20250630,直销模式,455006000,12649044746.09,2761620299.49,9887424446.6,CNY
300979.SZ,20250630,其他(地区),D,364412929.07,69724890.14,294688038.93,CNY
300979.SZ,20250630,拖鞋,P,1051643644.08,250317681.59,801325962.49,CNY
300979.SZ,20250630,其他业务,P,11819687.23,4249718.23,7569969.0,CNY
300979.SZ,20250630,其他业务(销售模式),455006000,11819687.23,4249718.23,7569969.0,CNY
300979.SZ,20250630,休闲运动类,P,11335752456.47,2477388463.03,8858363993.44,CNY
300979.SZ,20250630,美国,D,9887009704.18,2286334611.7,7600675092.48,CNY
300979.SZ,20250630,其他(地区),D,364412929.07,69724890.14,294688038.93,CNY
300979.SZ,20250630,欧洲,D,2397622112.84,405560797.65,1992061315.19,CNY
300979.SZ,20250630,其他(地区),D,364412929.07,69724890.14,294688038.93,CNY
300979.SZ,20250630,其他业务,P,11819687.23,4249718.23,7569969.0,CNY
300979.SZ,20250630,其他业务(地区),D,11819687.23,4249718.23,7569969.0,CNY
300979.SZ,20250630,美国,D,9887009704.18,2286334611.7,7600675092.48,CNY
300979.SZ,20250630,其他业务,P,11819687.23,4249718.23,7569969.0,CNY
300979.SZ,20250630,拖鞋,P,1051643644.08,250317681.59,801325962.49,CNY
300979.SZ,20250630,其他业务(行业),I,11819687.23,4249718.23,7569969.0,CNY
300979.SZ,20250630,其他业务,P,11819687.23,4249718.23,7569969.0,CNY
300979.SZ,20250630,其他业务,P,11819687.23,4249718.23,7569969.0,CNY
300979.SZ,20250630,其他业务(地区),D,11819687.23,4249718.23,7569969.0,CNY
300979.SZ,20250630,其他业务(行业),I,11819687.23,4249718.23,7569969.0,CNY
300979.SZ,20250630,拖鞋,P,1051643644.08,250317681.59,801325962.49,CNY
300979.SZ,20250630,其他业务(地区),D,11819687.23,4249718.23,7569969.0,CNY
300979.SZ,20250630,其他业务,P,11819687.23,4249718.23,7569969.0,CNY
300979.SZ,20250630,拖鞋,P,1051643644.08,250317681.59,801325962.49,CNY
300979.SZ,20250630,运动鞋,I,12649044746.09,2761620299.49,9887424446.6,CNY
300979.SZ,20250630,其他(地区),D,364412929.07,69724890.14,294688038.93,CNY
300979.SZ,20250630,欧洲,D,2397622112.84,405560797.65,1992061315.19,CNY
300979.SZ,20250630,美国,D,9887009704.18,2286334611.7,7600675092.48,CNY
300979.SZ,20250630,户外鞋品,P,261648645.54,33914154.87,227734490.67,CNY
300979.SZ,20250630,直销模式,455006000,12649044746.09,2761620299.49,9887424446.6,CNY
300979.SZ,20250630,休闲运动类,P,11335752456.47,2477388463.03,8858363993.44,CNY
300979.SZ,20250630,其他业务(销售模式),455006000,11819687.23,4249718.23,7569969.0,CNY
300979.SZ,20250630,拖鞋,P,1051643644.08,250317681.59,801325962.49,CNY
300979.SZ,20250630,运动鞋,I,12649044746.09,2761620299.49,9887424446.6,CNY
300979.SZ,20250630,其他业务(行业),I,11819687.23,4249718.23,7569969.0,CNY
300979.SZ,20250630,其他业务(地区),D,11819687.23,4249718.23,7569969.0,CNY
300979.SZ,20250630,其他业务,P,11819687.23,4249718.23,7569969.0,CNY
300979.SZ,20250630,其他(地区),D,364412929.07,69724890.14,294688038.93,CNY
300979.SZ,20250630,欧洲,D,2397622112.84,405560797.65,1992061315.19,CNY
300979.SZ,20250630,美国,D,9887009704.18,2286334611.7,7600675092.48,CNY
300979.SZ,20250630,户外鞋品,P,261648645.54,33914154.87,227734490.67,CNY
300979.SZ,20250630,直销模式,455006000,12649044746.09,2761620299.49,9887424446.6,CNY
300979.SZ,20250630,休闲运动类,P,11335752456.47,2477388463.03,8858363993.44,CNY
300979.SZ,20250630,其他业务(销售模式),455006000,11819687.23,4249718.23,7569969.0,CNY
300979.SZ,20250630,其他业务(行业),I,11819687.23,4249718.23,7569969.0,CNY
300979.SZ,20250630,其他业务(地区),D,11819687.23,4249718.23,7569969.0,CNY
300979.SZ,20250630,其他业务,P,11819687.23,4249718.23,7569969.0,CNY
300979.SZ,20250630,拖鞋,P,1051643644.08,250317681.59,801325962.49,CNY
300979.SZ,20250630,运动鞋,I,12649044746.09,2761620299.49,9887424446.6,CNY
300979.SZ,20250630,其他(地区),D,364412929.07,69724890.14,294688038.93,CNY
300979.SZ,20250630,欧洲,D,2397622112.84,405560797.65,1992061315.19,CNY
300979.SZ,20250630,美国,D,9887009704.18,2286334611.7,7600675092.48,CNY
300979.SZ,20250630,户外鞋品,P,261648645.54,33914154.87,227734490.67,CNY
300979.SZ,20250630,直销模式,455006000,12649044746.09,2761620299.49,9887424446.6,CNY
300979.SZ,20250630,休闲运动类,P,11335752456.47,2477388463.03,8858363993.44,CNY
300979.SZ,20250630,其他业务(销售模式),455006000,11819687.23,4249718.23,7569969.0,CNY
300979.SZ,20250630,其他业务(行业),I,11819687.23,4249718.23,7569969.0,CNY
300979.SZ,20250630,其他业务(地区),D,11819687.23,4249718.23,7569969.0,CNY
300979.SZ,20250630,其他业务,P,11819687.23,4249718.23,7569969.0,CNY
300979.SZ,20250630,拖鞋,P,1051643644.08,250317681.59,801325962.49,CNY
300979.SZ,20250630,运动鞋,I,12649044746.09,2761620299.49,9887424446.6,CNY
300979.SZ,20250630,其他(地区),D,364412929.07,69724890.14,294688038.93,CNY
300979.SZ,20250630,欧洲,D,2397622112.84,405560797.65,1992061315.19,CNY
300979.SZ,20250630,美国,D,9887009704.18,2286334611.7,7600675092.48,CNY
300979.SZ,20250630,户外鞋品,P,261648645.54,33914154.87,227734490.67,CNY
300979.SZ,20250630,直销模式,455006000,12649044746.09,2761620299.49,9887424446.6,CNY
300979.SZ,20250630,休闲运动类,P,11335752456.47,2477388463.03,8858363993.44,CNY
300979.SZ,20250630,其他业务(销售模式),455006000,11819687.23,4249718.23,7569969.0,CNY
300979.SZ,20250630,其他业务(行业),I,11819687.23,4249718.23,7569969.0,CNY
300979.SZ,20241231,其他业务(行业),I,47708199.75,35452375.48,12255824.27,CNY
300979.SZ,20241231,休闲运动类,P,20991286246.43,5701128371.2,15290157875.23,CNY
300979.SZ,20241231,其他(地区),D,491372612.17,102284646.81,389087965.36,CNY
300979.SZ,20241231,欧洲,D,3061357179.71,742085884.29,2319271295.42,CNY
300979.SZ,20241231,其他业务(地区),D,47708199.75,35452375.48,12255824.27,CNY
300979.SZ,20241231,运动鞋,I,23958685422.52,6398982581.26,17559702841.26,CNY
300979.SZ,20241231,户外鞋品,P,897672581.11,193509791.31,704162789.8,CNY
300979.SZ,20241231,其他业务,P,47708199.75,35452375.48,12255824.27,CNY
300979.SZ,20241231,其他业务(销售模式),455006000,47708199.75,35452375.48,12255824.27,CNY
300979.SZ,20241231,拖鞋,P,2069726594.98,504344418.75,1565382176.23,CNY
300979.SZ,20241231,直销模式,455006000,23958685422.52,6398982581.26,17559702841.26,CNY
300979.SZ,20241231,美国,D,20405955630.64,5554612050.16,14851343580.48,CNY
300979.SZ,20240630,休闲运动类,P,10232964022.24,2952385278.88,7280578743.36,CNY
300979.SZ,20240630,其他(地区),D,249822504.68,57516669.36,192305835.32,CNY
300979.SZ,20240630,运动鞋,I,11449018578.38,3230000590.64,8219017987.74,CNY
300979.SZ,20240630,美国,D,9930196671.45,2832572418.98,7097624252.47,CNY
300979.SZ,20240630,其他业务(地区),D,22940986.78,8452312.77,14488674.01,CNY
300979.SZ,20240630,其他业务,P,22940986.78,8452312.77,14488674.01,CNY
