ts_code,end_date,bz_item,bz_code,bz_sales,bz_profit,bz_cost,curr_type
301002.SZ,20250630,LED驱动电源产品,I,410391520.1,96817712.17,313573807.93,CNY
301002.SZ,20250630,中国大陆,D,341171608.02,,,CNY
301002.SZ,20250630,国外,D,69219912.08,,,CNY
301002.SZ,20250630,直销,455006000,410391520.1,,,CNY
301002.SZ,20250630,其他业务(地区),D,39016673.05,,,CNY
301002.SZ,20250630,其他业务(销售模式),455006000,39016673.05,,,CNY
301002.SZ,20250630,LED驱动电源-大功率,P,357241494.27,83393276.76,273848217.51,CNY
301002.SZ,20250630,LED驱动电源产品,I,410391520.1,96817712.17,313573807.93,CNY
301002.SZ,20250630,LED驱动电源-中功率,P,53095684.91,13409329.04,39686355.87,CNY
301002.SZ,20250630,储能产品(行业),I,31086152.17,7722026.53,23364125.64,CNY
301002.SZ,20250630,国外,D,69219912.08,,,CNY
301002.SZ,20250630,储能产品,P,31086152.17,7722026.53,23364125.64,CNY
301002.SZ,20250630,LED驱动电源-大功率,P,357241494.27,83393276.76,273848217.51,CNY
301002.SZ,20250630,LED驱动电源-中功率,P,53095684.91,13409329.04,39686355.87,CNY
301002.SZ,20250630,其他业务(地区),D,39016673.05,,,CNY
301002.SZ,20250630,LED驱动电源产品,I,410391520.1,96817712.17,313573807.93,CNY
301002.SZ,20250630,储能产品(行业),I,31086152.17,7722026.53,23364125.64,CNY
301002.SZ,20250630,直销,455006000,410391520.1,,,CNY
301002.SZ,20250630,其他业务,P,7930520.88,,,CNY
301002.SZ,20250630,其他业务(行业),I,7930520.88,,,CNY
301002.SZ,20250630,其他业务(行业),I,7930520.88,,,CNY
301002.SZ,20250630,LED驱动电源-小功率,P,54340.92,15106.37,39234.55,CNY
301002.SZ,20250630,储能产品,P,31086152.17,7722026.53,23364125.64,CNY
301002.SZ,20250630,LED驱动电源-大功率,P,357241494.27,83393276.76,273848217.51,CNY
301002.SZ,20250630,LED驱动电源产品,I,410391520.1,96817712.17,313573807.93,CNY
301002.SZ,20250630,储能产品(行业),I,31086152.17,7722026.53,23364125.64,CNY
301002.SZ,20250630,LED驱动电源-中功率,P,53095684.91,13409329.04,39686355.87,CNY
301002.SZ,20250630,直销,455006000,410391520.1,,,CNY
301002.SZ,20250630,储能产品,P,31086152.17,7722026.53,23364125.64,CNY
301002.SZ,20250630,LED驱动电源-中功率,P,53095684.91,13409329.04,39686355.87,CNY
301002.SZ,20250630,LED驱动电源-小功率,P,54340.92,15106.37,39234.55,CNY
301002.SZ,20250630,储能产品(行业),I,31086152.17,7722026.53,23364125.64,CNY
301002.SZ,20250630,LED驱动电源-大功率,P,357241494.27,83393276.76,273848217.51,CNY
301002.SZ,20250630,LED驱动电源产品,I,410391520.1,96817712.17,313573807.93,CNY
301002.SZ,20250630,直销,455006000,410391520.1,,,CNY
301002.SZ,20250630,中国大陆,D,341171608.02,,,CNY
301002.SZ,20250630,其他业务(销售模式),455006000,39016673.05,,,CNY
301002.SZ,20250630,国外,D,69219912.08,,,CNY
301002.SZ,20250630,直销,455006000,410391520.1,,,CNY
301002.SZ,20250630,中国大陆,D,341171608.02,,,CNY
301002.SZ,20250630,国外,D,69219912.08,,,CNY
301002.SZ,20250630,其他业务(地区),D,39016673.05,,,CNY
301002.SZ,20250630,储能产品,P,31086152.17,7722026.53,23364125.64,CNY
301002.SZ,20250630,储能产品,P,31086152.17,7722026.53,23364125.64,CNY
301002.SZ,20250630,其他业务(行业),I,7930520.88,,,CNY
301002.SZ,20250630,LED驱动电源-大功率,P,357241494.27,83393276.76,273848217.51,CNY
301002.SZ,20250630,中国大陆,D,341171608.02,,,CNY
301002.SZ,20250630,其他业务(销售模式),455006000,39016673.05,,,CNY
301002.SZ,20250630,其他业务(地区),D,39016673.05,,,CNY
301002.SZ,20250630,其他业务(行业),I,7930520.88,,,CNY
301002.SZ,20250630,其他业务,P,7930520.88,,,CNY
301002.SZ,20250630,LED驱动电源-小功率,P,54340.92,15106.37,39234.55,CNY
301002.SZ,20250630,LED驱动电源-中功率,P,53095684.91,13409329.04,39686355.87,CNY
301002.SZ,20250630,储能产品(行业),I,31086152.17,7722026.53,23364125.64,CNY
301002.SZ,20250630,LED驱动电源产品,I,410391520.1,96817712.17,313573807.93,CNY
301002.SZ,20250630,直销,455006000,410391520.1,,,CNY
301002.SZ,20250630,国外,D,69219912.08,,,CNY
301002.SZ,20250630,储能产品,P,31086152.17,7722026.53,23364125.64,CNY
301002.SZ,20250630,LED驱动电源-小功率,P,54340.92,15106.37,39234.55,CNY
301002.SZ,20250630,LED驱动电源-中功率,P,53095684.91,13409329.04,39686355.87,CNY
301002.SZ,20250630,LED驱动电源-大功率,P,357241494.27,83393276.76,273848217.51,CNY
301002.SZ,20250630,储能产品(行业),I,31086152.17,7722026.53,23364125.64,CNY
301002.SZ,20250630,LED驱动电源产品,I,410391520.1,96817712.17,313573807.93,CNY
301002.SZ,20250630,中国大陆,D,341171608.02,,,CNY
301002.SZ,20250630,其他业务(销售模式),455006000,39016673.05,,,CNY
301002.SZ,20250630,中国大陆,D,341171608.02,,,CNY
301002.SZ,20250630,其他业务(销售模式),455006000,39016673.05,,,CNY
301002.SZ,20250630,其他业务(地区),D,39016673.05,,,CNY
301002.SZ,20250630,其他业务(行业),I,7930520.88,,,CNY
301002.SZ,20250630,其他业务,P,7930520.88,,,CNY
301002.SZ,20250630,储能产品,P,31086152.17,7722026.53,23364125.64,CNY
301002.SZ,20250630,国外,D,69219912.08,,,CNY
301002.SZ,20250630,中国大陆,D,341171608.02,,,CNY
301002.SZ,20250630,LED驱动电源-小功率,P,54340.92,15106.37,39234.55,CNY
301002.SZ,20250630,LED驱动电源-中功率,P,53095684.91,13409329.04,39686355.87,CNY
301002.SZ,20250630,LED驱动电源-大功率,P,357241494.27,83393276.76,273848217.51,CNY
301002.SZ,20250630,其他业务(销售模式),455006000,39016673.05,,,CNY
301002.SZ,20250630,其他业务(地区),D,39016673.05,,,CNY
301002.SZ,20250630,其他业务(行业),I,7930520.88,,,CNY
301002.SZ,20250630,其他业务(地区),D,39016673.05,,,CNY
301002.SZ,20250630,其他业务(行业),I,7930520.88,,,CNY
301002.SZ,20250630,其他业务,P,7930520.88,,,CNY
301002.SZ,20250630,中国大陆,D,341171608.02,,,CNY
301002.SZ,20250630,其他业务(行业),I,7930520.88,,,CNY
301002.SZ,20250630,其他业务(销售模式),455006000,39016673.05,,,CNY
301002.SZ,20250630,LED驱动电源-小功率,P,54340.92,15106.37,39234.55,CNY
301002.SZ,20250630,其他业务,P,7930520.88,,,CNY
301002.SZ,20250630,中国大陆,D,341171608.02,,,CNY
301002.SZ,20250630,国外,D,69219912.08,,,CNY
301002.SZ,20250630,其他业务(行业),I,7930520.88,,,CNY
301002.SZ,20250630,其他业务(地区),D,39016673.05,,,CNY
301002.SZ,20250630,其他业务(行业),I,7930520.88,,,CNY
301002.SZ,20250630,其他业务(销售模式),455006000,39016673.05,,,CNY
301002.SZ,20250630,LED驱动电源-小功率,P,54340.92,15106.37,39234.55,CNY
301002.SZ,20250630,其他业务,P,7930520.88,,,CNY
301002.SZ,20250630,LED驱动电源-大功率,P,357241494.27,83393276.76,273848217.51,CNY
301002.SZ,20250630,LED驱动电源-中功率,P,53095684.91,13409329.04,39686355.87,CNY
301002.SZ,20250630,LED驱动电源-小功率,P,54340.92,15106.37,39234.55,CNY
301002.SZ,20250630,其他业务,P,7930520.88,,,CNY
301002.SZ,20250630,LED驱动电源-中功率,P,53095684.91,13409329.04,39686355.87,CNY
301002.SZ,20250630,直销,455006000,410391520.1,,,CNY
301002.SZ,20250630,国外,D,69219912.08,,,CNY
301002.SZ,20250630,其他业务,P,7930520.88,,,CNY
301002.SZ,20250630,LED驱动电源-小功率,P,54340.92,15106.37,39234.55,CNY
301002.SZ,20250630,储能产品,P,31086152.17,7722026.53,23364125.64,CNY
301002.SZ,20250630,LED驱动电源产品,I,410391520.1,96817712.17,313573807.93,CNY
301002.SZ,20250630,储能产品(行业),I,31086152.17,7722026.53,23364125.64,CNY
301002.SZ,20250630,其他业务(地区),D,39016673.05,,,CNY
301002.SZ,20250630,其他业务,P,7930520.88,,,CNY
301002.SZ,20250630,其他业务(销售模式),455006000,39016673.05,,,CNY
301002.SZ,20250630,储能产品,P,31086152.17,7722026.53,23364125.64,CNY
301002.SZ,20250630,储能产品(行业),I,31086152.17,7722026.53,23364125.64,CNY
301002.SZ,20250630,直销,455006000,410391520.1,,,CNY
301002.SZ,20250630,国外,D,69219912.08,,,CNY
301002.SZ,20250630,LED驱动电源-大功率,P,357241494.27,83393276.76,273848217.51,CNY
301002.SZ,20250630,其他业务,P,7930520.88,,,CNY
301002.SZ,20250630,储能产品,P,31086152.17,7722026.53,23364125.64,CNY
301002.SZ,20250630,LED驱动电源-小功率,P,54340.92,15106.37,39234.55,CNY
301002.SZ,20250630,LED驱动电源-中功率,P,53095684.91,13409329.04,39686355.87,CNY
301002.SZ,20250630,LED驱动电源-大功率,P,357241494.27,83393276.76,273848217.51,CNY
301002.SZ,20250630,储能产品(行业),I,31086152.17,7722026.53,23364125.64,CNY
301002.SZ,20250630,LED驱动电源产品,I,410391520.1,96817712.17,313573807.93,CNY
301002.SZ,20250630,直销,455006000,410391520.1,,,CNY
301002.SZ,20250630,国外,D,69219912.08,,,CNY
301002.SZ,20250630,中国大陆,D,341171608.02,,,CNY
301002.SZ,20250630,其他业务(销售模式),455006000,39016673.05,,,CNY
301002.SZ,20250630,其他业务(地区),D,39016673.05,,,CNY
301002.SZ,20250630,储能产品(行业),I,31086152.17,7722026.53,23364125.64,CNY
301002.SZ,20250630,LED驱动电源产品,I,410391520.1,96817712.17,313573807.93,CNY
301002.SZ,20250630,直销,455006000,410391520.1,,,CNY
301002.SZ,20241231,LED驱动电源产品,I,869683023.23,213294570.78,656388452.45,CNY
301002.SZ,20241231,直销,455006000,883532796.98,215808407.23,667724389.75,CNY
301002.SZ,20241231,其他业务(行业),I,2400517.61,-454890.59,2855408.2,CNY
301002.SZ,20241231,其他(行业),I,3595420.47,,,CNY
301002.SZ,20241231,国外,D,143178180.82,,,CNY
301002.SZ,20241231,LED驱动电源-小功率,P,124203.55,34576.06,89627.49,CNY
301002.SZ,20241231,储能产品,P,7853835.67,,,CNY
301002.SZ,20241231,LED驱动电源-大功率,P,754538854.2,185122042.44,569416811.76,CNY
301002.SZ,20241231,其他业务,P,2400517.61,-454890.59,2855408.2,CNY
301002.SZ,20241231,其他主营业务,P,3595420.47,,,CNY
301002.SZ,20241231,储能产品(行业),I,7853835.67,,,CNY
301002.SZ,20241231,中国大陆,D,740354616.16,,,CNY
301002.SZ,20241231,LED驱动电源-中功率,P,115019965.48,28137952.28,86882013.2,CNY
301002.SZ,20240630,其他业务,P,4646883.07,1403948.54,3242934.53,CNY
301002.SZ,20240630,其他业务(地区),D,4646883.07,,,CNY
301002.SZ,20240630,LED驱动电源-大功率,P,374600780.29,105270138.85,269330641.44,CNY
301002.SZ,20240630,LED驱动电源-小功率,P,145865.48,35313.76,110551.72,CNY
301002.SZ,20240630,LED驱动电源产品,I,428747456.16,119883175.66,308864280.5,CNY
301002.SZ,20240630,国外,D,69161530.01,,,CNY
301002.SZ,20240630,中国大陆,D,359585926.15,,,CNY
