ts_code,end_date,bz_item,bz_code,bz_sales,bz_profit,bz_cost,curr_type
301281.SZ,20250630,国外,D,13250936.27,3876796.97,9374139.3,CNY
301281.SZ,20250630,配送商模式,455006000,82378178.07,69128874.07,13249304.0,CNY
301281.SZ,20250630,直销模式,455006000,75460685.16,25222099.42,50238585.74,CNY
301281.SZ,20250630,化学药品原料药,P,102019708.75,81525296.32,20494412.43,CNY
301281.SZ,20250630,国外,D,13250936.27,3876796.97,9374139.3,CNY
301281.SZ,20250630,其他业务,P,3078498.46,175586.75,2902911.71,CNY
301281.SZ,20250630,传统经销模式,455006000,34603569.27,20921747.71,13681821.56,CNY
301281.SZ,20250630,国外,D,13250936.27,3876796.97,9374139.3,CNY
301281.SZ,20250630,制剂,P,94356599.37,31633795.19,62722804.18,CNY
301281.SZ,20250630,化学药品原料药,P,102019708.75,81525296.32,20494412.43,CNY
301281.SZ,20250630,贸易商,455006000,35423568.77,9362498.34,26061070.43,CNY
301281.SZ,20250630,配送商模式,455006000,82378178.07,69128874.07,13249304.0,CNY
301281.SZ,20250630,中间体,P,28411194.69,11300541.28,17110653.41,CNY
301281.SZ,20250630,制剂,P,94356599.37,31633795.19,62722804.18,CNY
301281.SZ,20250630,化学药品原料药,P,102019708.75,81525296.32,20494412.43,CNY
301281.SZ,20250630,国外,D,13250936.27,3876796.97,9374139.3,CNY
301281.SZ,20250630,华北,D,65473358.01,48135872.95,17337485.06,CNY
301281.SZ,20250630,化学药品原料药,P,102019708.75,81525296.32,20494412.43,CNY
301281.SZ,20250630,贸易商,455006000,35423568.77,9362498.34,26061070.43,CNY
301281.SZ,20250630,配送商模式,455006000,82378178.07,69128874.07,13249304.0,CNY
301281.SZ,20250630,中间体,P,28411194.69,11300541.28,17110653.41,CNY
301281.SZ,20250630,直销模式,455006000,75460685.16,25222099.42,50238585.74,CNY
301281.SZ,20250630,华北,D,65473358.01,48135872.95,17337485.06,CNY
301281.SZ,20250630,医药制造,I,227866001.27,124635219.54,103230781.73,CNY
301281.SZ,20250630,直销模式,455006000,75460685.16,25222099.42,50238585.74,CNY
301281.SZ,20250630,华北,D,65473358.01,48135872.95,17337485.06,CNY
301281.SZ,20250630,华东,D,104760030.1,45513970.42,59246059.68,CNY
301281.SZ,20250630,其他业务,P,3078498.46,175586.75,2902911.71,CNY
301281.SZ,20250630,传统经销模式,455006000,34603569.27,20921747.71,13681821.56,CNY
301281.SZ,20250630,华东,D,104760030.1,45513970.42,59246059.68,CNY
301281.SZ,20250630,医药制造,I,227866001.27,124635219.54,103230781.73,CNY
301281.SZ,20250630,华东,D,104760030.1,45513970.42,59246059.68,CNY
301281.SZ,20250630,其他业务,P,3078498.46,175586.75,2902911.71,CNY
301281.SZ,20250630,国外,D,13250936.27,3876796.97,9374139.3,CNY
301281.SZ,20250630,国外,D,13250936.27,3876796.97,9374139.3,CNY
301281.SZ,20250630,华东,D,104760030.1,45513970.42,59246059.68,CNY
301281.SZ,20250630,华北,D,65473358.01,48135872.95,17337485.06,CNY
301281.SZ,20250630,贸易商,455006000,35423568.77,9362498.34,26061070.43,CNY
301281.SZ,20250630,贸易商,455006000,35423568.77,9362498.34,26061070.43,CNY
301281.SZ,20250630,其他业务,P,3078498.46,175586.75,2902911.71,CNY
301281.SZ,20250630,直销模式,455006000,75460685.16,25222099.42,50238585.74,CNY
301281.SZ,20250630,中间体,P,28411194.69,11300541.28,17110653.41,CNY
301281.SZ,20250630,华东,D,104760030.1,45513970.42,59246059.68,CNY
301281.SZ,20250630,华北,D,65473358.01,48135872.95,17337485.06,CNY
301281.SZ,20250630,制剂,P,94356599.37,31633795.19,62722804.18,CNY
301281.SZ,20250630,化学药品原料药,P,102019708.75,81525296.32,20494412.43,CNY
301281.SZ,20250630,贸易商,455006000,35423568.77,9362498.34,26061070.43,CNY
301281.SZ,20250630,医药制造,I,227866001.27,124635219.54,103230781.73,CNY
301281.SZ,20250630,贸易商,455006000,35423568.77,9362498.34,26061070.43,CNY
301281.SZ,20250630,其他业务,P,3078498.46,175586.75,2902911.71,CNY
301281.SZ,20250630,传统经销模式,455006000,34603569.27,20921747.71,13681821.56,CNY
301281.SZ,20250630,制剂,P,94356599.37,31633795.19,62722804.18,CNY
301281.SZ,20250630,传统经销模式,455006000,34603569.27,20921747.71,13681821.56,CNY
301281.SZ,20250630,其他业务,P,3078498.46,175586.75,2902911.71,CNY
301281.SZ,20250630,贸易商,455006000,35423568.77,9362498.34,26061070.43,CNY
301281.SZ,20250630,中间体,P,28411194.69,11300541.28,17110653.41,CNY
301281.SZ,20250630,华北,D,65473358.01,48135872.95,17337485.06,CNY
301281.SZ,20250630,化学药品原料药,P,102019708.75,81525296.32,20494412.43,CNY
301281.SZ,20250630,化学药品原料药,P,102019708.75,81525296.32,20494412.43,CNY
301281.SZ,20250630,制剂,P,94356599.37,31633795.19,62722804.18,CNY
301281.SZ,20250630,中间体,P,28411194.69,11300541.28,17110653.41,CNY
301281.SZ,20250630,医药制造,I,227866001.27,124635219.54,103230781.73,CNY
301281.SZ,20250630,配送商模式,455006000,82378178.07,69128874.07,13249304.0,CNY
301281.SZ,20250630,贸易商,455006000,35423568.77,9362498.34,26061070.43,CNY
301281.SZ,20250630,华东,D,104760030.1,45513970.42,59246059.68,CNY
301281.SZ,20250630,传统经销模式,455006000,34603569.27,20921747.71,13681821.56,CNY
301281.SZ,20250630,传统经销模式,455006000,34603569.27,20921747.71,13681821.56,CNY
301281.SZ,20250630,中间体,P,28411194.69,11300541.28,17110653.41,CNY
301281.SZ,20250630,配送商模式,455006000,82378178.07,69128874.07,13249304.0,CNY
301281.SZ,20250630,化学药品原料药,P,102019708.75,81525296.32,20494412.43,CNY
301281.SZ,20250630,制剂,P,94356599.37,31633795.19,62722804.18,CNY
301281.SZ,20250630,配送商模式,455006000,82378178.07,69128874.07,13249304.0,CNY
301281.SZ,20250630,华北,D,65473358.01,48135872.95,17337485.06,CNY
301281.SZ,20250630,医药制造,I,227866001.27,124635219.54,103230781.73,CNY
301281.SZ,20250630,直销模式,455006000,75460685.16,25222099.42,50238585.74,CNY
301281.SZ,20250630,传统经销模式,455006000,34603569.27,20921747.71,13681821.56,CNY
301281.SZ,20250630,其他业务,P,3078498.46,175586.75,2902911.71,CNY
301281.SZ,20250630,贸易商,455006000,35423568.77,9362498.34,26061070.43,CNY
301281.SZ,20250630,中间体,P,28411194.69,11300541.28,17110653.41,CNY
301281.SZ,20250630,制剂,P,94356599.37,31633795.19,62722804.18,CNY
301281.SZ,20250630,配送商模式,455006000,82378178.07,69128874.07,13249304.0,CNY
301281.SZ,20250630,华北,D,65473358.01,48135872.95,17337485.06,CNY
301281.SZ,20250630,华东,D,104760030.1,45513970.42,59246059.68,CNY
301281.SZ,20250630,医药制造,I,227866001.27,124635219.54,103230781.73,CNY
301281.SZ,20250630,直销模式,455006000,75460685.16,25222099.42,50238585.74,CNY
301281.SZ,20250630,医药制造,I,227866001.27,124635219.54,103230781.73,CNY
301281.SZ,20250630,直销模式,455006000,75460685.16,25222099.42,50238585.74,CNY
301281.SZ,20250630,传统经销模式,455006000,34603569.27,20921747.71,13681821.56,CNY
301281.SZ,20250630,其他业务,P,3078498.46,175586.75,2902911.71,CNY
301281.SZ,20250630,贸易商,455006000,35423568.77,9362498.34,26061070.43,CNY
301281.SZ,20250630,中间体,P,28411194.69,11300541.28,17110653.41,CNY
301281.SZ,20250630,化学药品原料药,P,102019708.75,81525296.32,20494412.43,CNY
301281.SZ,20250630,制剂,P,94356599.37,31633795.19,62722804.18,CNY
301281.SZ,20250630,配送商模式,455006000,82378178.07,69128874.07,13249304.0,CNY
301281.SZ,20250630,华北,D,65473358.01,48135872.95,17337485.06,CNY
301281.SZ,20250630,医药制造,I,227866001.27,124635219.54,103230781.73,CNY
301281.SZ,20250630,华东,D,104760030.1,45513970.42,59246059.68,CNY
301281.SZ,20250630,直销模式,455006000,75460685.16,25222099.42,50238585.74,CNY
301281.SZ,20250630,国外,D,13250936.27,3876796.97,9374139.3,CNY
301281.SZ,20250630,配送商模式,455006000,82378178.07,69128874.07,13249304.0,CNY
301281.SZ,20250630,华北,D,65473358.01,48135872.95,17337485.06,CNY
301281.SZ,20250630,华东,D,104760030.1,45513970.42,59246059.68,CNY
301281.SZ,20250630,医药制造,I,227866001.27,124635219.54,103230781.73,CNY
301281.SZ,20250630,直销模式,455006000,75460685.16,25222099.42,50238585.74,CNY
301281.SZ,20250630,国外,D,13250936.27,3876796.97,9374139.3,CNY
301281.SZ,20250630,其他业务,P,3078498.46,175586.75,2902911.71,CNY
301281.SZ,20250630,传统经销模式,455006000,34603569.27,20921747.71,13681821.56,CNY
301281.SZ,20250630,中间体,P,28411194.69,11300541.28,17110653.41,CNY
301281.SZ,20250630,贸易商,455006000,35423568.77,9362498.34,26061070.43,CNY
301281.SZ,20250630,制剂,P,94356599.37,31633795.19,62722804.18,CNY
301281.SZ,20250630,化学药品原料药,P,102019708.75,81525296.32,20494412.43,CNY
301281.SZ,20250630,配送商模式,455006000,82378178.07,69128874.07,13249304.0,CNY
301281.SZ,20250630,中间体,P,28411194.69,11300541.28,17110653.41,CNY
301281.SZ,20250630,化学药品原料药,P,102019708.75,81525296.32,20494412.43,CNY
301281.SZ,20250630,制剂,P,94356599.37,31633795.19,62722804.18,CNY
301281.SZ,20250630,配送商模式,455006000,82378178.07,69128874.07,13249304.0,CNY
301281.SZ,20250630,华北,D,65473358.01,48135872.95,17337485.06,CNY
301281.SZ,20250630,华东,D,104760030.1,45513970.42,59246059.68,CNY
301281.SZ,20250630,医药制造,I,227866001.27,124635219.54,103230781.73,CNY
301281.SZ,20250630,直销模式,455006000,75460685.16,25222099.42,50238585.74,CNY
301281.SZ,20250630,国外,D,13250936.27,3876796.97,9374139.3,CNY
301281.SZ,20250630,传统经销模式,455006000,34603569.27,20921747.71,13681821.56,CNY
301281.SZ,20250630,其他业务,P,3078498.46,175586.75,2902911.71,CNY
301281.SZ,20250630,贸易商,455006000,35423568.77,9362498.34,26061070.43,CNY
301281.SZ,20250630,中间体,P,28411194.69,11300541.28,17110653.41,CNY
301281.SZ,20250630,中间体,P,28411194.69,11300541.28,17110653.41,CNY
301281.SZ,20250630,化学药品原料药,P,102019708.75,81525296.32,20494412.43,CNY
301281.SZ,20250630,化学药品原料药,P,102019708.75,81525296.32,20494412.43,CNY
301281.SZ,20250630,制剂,P,94356599.37,31633795.19,62722804.18,CNY
301281.SZ,20250630,配送商模式,455006000,82378178.07,69128874.07,13249304.0,CNY
301281.SZ,20250630,华北,D,65473358.01,48135872.95,17337485.06,CNY
301281.SZ,20250630,华东,D,104760030.1,45513970.42,59246059.68,CNY
301281.SZ,20250630,医药制造,I,227866001.27,124635219.54,103230781.73,CNY
301281.SZ,20250630,直销模式,455006000,75460685.16,25222099.42,50238585.74,CNY
301281.SZ,20250630,国外,D,13250936.27,3876796.97,9374139.3,CNY
301281.SZ,20250630,传统经销模式,455006000,34603569.27,20921747.71,13681821.56,CNY
301281.SZ,20250630,制剂,P,94356599.37,31633795.19,62722804.18,CNY
301281.SZ,20250630,配送商模式,455006000,82378178.07,69128874.07,13249304.0,CNY
301281.SZ,20250630,华北,D,65473358.01,48135872.95,17337485.06,CNY
301281.SZ,20250630,华东,D,104760030.1,45513970.42,59246059.68,CNY
301281.SZ,20250630,医药制造,I,227866001.27,124635219.54,103230781.73,CNY
301281.SZ,20250630,直销模式,455006000,75460685.16,25222099.42,50238585.74,CNY
301281.SZ,20250630,国外,D,13250936.27,3876796.97,9374139.3,CNY
301281.SZ,20250630,传统经销模式,455006000,34603569.27,20921747.71,13681821.56,CNY
301281.SZ,20250630,其他业务,P,3078498.46,175586.75,2902911.71,CNY
301281.SZ,20250630,贸易商,455006000,35423568.77,9362498.34,26061070.43,CNY
301281.SZ,20250630,中间体,P,28411194.69,11300541.28,17110653.41,CNY
301281.SZ,20250630,国外,D,13250936.27,3876796.97,9374139.3,CNY
301281.SZ,20250630,其他业务,P,3078498.46,175586.75,2902911.71,CNY
301281.SZ,20250630,制剂,P,94356599.37,31633795.19,62722804.18,CNY
