ts_code,end_date,bz_item,bz_code,bz_sales,bz_profit,bz_cost,curr_type
301391.SZ,20250630,国外,D,33193927.36,23075159.37,10118767.99,CNY
301391.SZ,20250630,发送器,P,12418081.09,5650028.16,6768052.93,CNY
301391.SZ,20250630,视频处理设备,P,120546929.08,71196927.14,49350001.94,CNY
301391.SZ,20250630,接收卡,P,94612919.16,21153727.0,73459192.16,CNY
301391.SZ,20250630,接收卡,P,94612919.16,21153727.0,73459192.16,CNY
301391.SZ,20250630,配件及其他,P,22304609.29,11596473.55,10708135.74,CNY
301391.SZ,20250630,视频处理设备,P,120546929.08,71196927.14,49350001.94,CNY
301391.SZ,20250630,国外,D,33193927.36,23075159.37,10118767.99,CNY
301391.SZ,20250630,中国大陆,D,239360514.75,97418216.0,141942298.75,CNY
301391.SZ,20250630,配件及其他,P,22304609.29,11596473.55,10708135.74,CNY
301391.SZ,20250630,云联网播放器,P,22448006.42,10672322.45,11775683.97,CNY
301391.SZ,20250630,其他业务,P,223897.07,,,CNY
301391.SZ,20250630,视频处理设备,P,120546929.08,71196927.14,49350001.94,CNY
301391.SZ,20250630,中国大陆,D,239360514.75,97418216.0,141942298.75,CNY
301391.SZ,20250630,视频处理设备,P,120546929.08,71196927.14,49350001.94,CNY
301391.SZ,20250630,国外,D,33193927.36,23075159.37,10118767.99,CNY
301391.SZ,20250630,配件及其他,P,22304609.29,11596473.55,10708135.74,CNY
301391.SZ,20250630,其他业务,P,223897.07,,,CNY
301391.SZ,20250630,接收卡,P,94612919.16,21153727.0,73459192.16,CNY
301391.SZ,20250630,中国大陆,D,239360514.75,97418216.0,141942298.75,CNY
301391.SZ,20250630,视频处理设备,P,120546929.08,71196927.14,49350001.94,CNY
301391.SZ,20250630,国外,D,33193927.36,23075159.37,10118767.99,CNY
301391.SZ,20250630,云联网播放器,P,22448006.42,10672322.45,11775683.97,CNY
301391.SZ,20250630,发送器,P,12418081.09,5650028.16,6768052.93,CNY
301391.SZ,20250630,配件及其他,P,22304609.29,11596473.55,10708135.74,CNY
301391.SZ,20250630,其他业务,P,223897.07,,,CNY
301391.SZ,20250630,接收卡,P,94612919.16,21153727.0,73459192.16,CNY
301391.SZ,20250630,中国大陆,D,239360514.75,97418216.0,141942298.75,CNY
301391.SZ,20250630,接收卡,P,94612919.16,21153727.0,73459192.16,CNY
301391.SZ,20250630,中国大陆,D,239360514.75,97418216.0,141942298.75,CNY
301391.SZ,20250630,云联网播放器,P,22448006.42,10672322.45,11775683.97,CNY
301391.SZ,20250630,其他业务,P,223897.07,,,CNY
301391.SZ,20250630,配件及其他,P,22304609.29,11596473.55,10708135.74,CNY
301391.SZ,20250630,发送器,P,12418081.09,5650028.16,6768052.93,CNY
301391.SZ,20250630,国外,D,33193927.36,23075159.37,10118767.99,CNY
301391.SZ,20250630,国外,D,33193927.36,23075159.37,10118767.99,CNY
301391.SZ,20250630,国外,D,33193927.36,23075159.37,10118767.99,CNY
301391.SZ,20250630,云联网播放器,P,22448006.42,10672322.45,11775683.97,CNY
301391.SZ,20250630,配件及其他,P,22304609.29,11596473.55,10708135.74,CNY
301391.SZ,20250630,接收卡,P,94612919.16,21153727.0,73459192.16,CNY
301391.SZ,20250630,中国大陆,D,239360514.75,97418216.0,141942298.75,CNY
301391.SZ,20250630,视频处理设备,P,120546929.08,71196927.14,49350001.94,CNY
301391.SZ,20250630,国外,D,33193927.36,23075159.37,10118767.99,CNY
301391.SZ,20250630,中国大陆,D,239360514.75,97418216.0,141942298.75,CNY
301391.SZ,20250630,视频处理设备,P,120546929.08,71196927.14,49350001.94,CNY
301391.SZ,20250630,国外,D,33193927.36,23075159.37,10118767.99,CNY
301391.SZ,20250630,云联网播放器,P,22448006.42,10672322.45,11775683.97,CNY
301391.SZ,20250630,发送器,P,12418081.09,5650028.16,6768052.93,CNY
301391.SZ,20250630,配件及其他,P,22304609.29,11596473.55,10708135.74,CNY
301391.SZ,20250630,其他业务,P,223897.07,,,CNY
301391.SZ,20250630,配件及其他,P,22304609.29,11596473.55,10708135.74,CNY
301391.SZ,20250630,中国大陆,D,239360514.75,97418216.0,141942298.75,CNY
301391.SZ,20250630,视频处理设备,P,120546929.08,71196927.14,49350001.94,CNY
301391.SZ,20250630,国外,D,33193927.36,23075159.37,10118767.99,CNY
301391.SZ,20250630,云联网播放器,P,22448006.42,10672322.45,11775683.97,CNY
301391.SZ,20250630,发送器,P,12418081.09,5650028.16,6768052.93,CNY
301391.SZ,20250630,配件及其他,P,22304609.29,11596473.55,10708135.74,CNY
301391.SZ,20250630,其他业务,P,223897.07,,,CNY
301391.SZ,20250630,接收卡,P,94612919.16,21153727.0,73459192.16,CNY
301391.SZ,20250630,中国大陆,D,239360514.75,97418216.0,141942298.75,CNY
301391.SZ,20250630,视频处理设备,P,120546929.08,71196927.14,49350001.94,CNY
301391.SZ,20250630,国外,D,33193927.36,23075159.37,10118767.99,CNY
301391.SZ,20250630,视频处理设备,P,120546929.08,71196927.14,49350001.94,CNY
301391.SZ,20250630,云联网播放器,P,22448006.42,10672322.45,11775683.97,CNY
301391.SZ,20250630,国外,D,33193927.36,23075159.37,10118767.99,CNY
301391.SZ,20250630,云联网播放器,P,22448006.42,10672322.45,11775683.97,CNY
301391.SZ,20250630,发送器,P,12418081.09,5650028.16,6768052.93,CNY
301391.SZ,20250630,其他业务,P,223897.07,,,CNY
301391.SZ,20250630,配件及其他,P,22304609.29,11596473.55,10708135.74,CNY
301391.SZ,20250630,中国大陆,D,239360514.75,97418216.0,141942298.75,CNY
301391.SZ,20250630,接收卡,P,94612919.16,21153727.0,73459192.16,CNY
301391.SZ,20250630,国外,D,33193927.36,23075159.37,10118767.99,CNY
301391.SZ,20250630,视频处理设备,P,120546929.08,71196927.14,49350001.94,CNY
301391.SZ,20250630,云联网播放器,P,22448006.42,10672322.45,11775683.97,CNY
301391.SZ,20250630,发送器,P,12418081.09,5650028.16,6768052.93,CNY
301391.SZ,20250630,其他业务,P,223897.07,,,CNY
301391.SZ,20250630,配件及其他,P,22304609.29,11596473.55,10708135.74,CNY
301391.SZ,20250630,配件及其他,P,22304609.29,11596473.55,10708135.74,CNY
301391.SZ,20250630,其他业务,P,223897.07,,,CNY
301391.SZ,20250630,接收卡,P,94612919.16,21153727.0,73459192.16,CNY
301391.SZ,20250630,中国大陆,D,239360514.75,97418216.0,141942298.75,CNY
301391.SZ,20250630,视频处理设备,P,120546929.08,71196927.14,49350001.94,CNY
301391.SZ,20250630,国外,D,33193927.36,23075159.37,10118767.99,CNY
301391.SZ,20250630,云联网播放器,P,22448006.42,10672322.45,11775683.97,CNY
301391.SZ,20250630,发送器,P,12418081.09,5650028.16,6768052.93,CNY
301391.SZ,20250630,配件及其他,P,22304609.29,11596473.55,10708135.74,CNY
301391.SZ,20250630,其他业务,P,223897.07,,,CNY
301391.SZ,20250630,接收卡,P,94612919.16,21153727.0,73459192.16,CNY
301391.SZ,20250630,中国大陆,D,239360514.75,97418216.0,141942298.75,CNY
301391.SZ,20250630,视频处理设备,P,120546929.08,71196927.14,49350001.94,CNY
301391.SZ,20250630,国外,D,33193927.36,23075159.37,10118767.99,CNY
301391.SZ,20250630,云联网播放器,P,22448006.42,10672322.45,11775683.97,CNY
301391.SZ,20250630,发送器,P,12418081.09,5650028.16,6768052.93,CNY
301391.SZ,20250630,视频处理设备,P,120546929.08,71196927.14,49350001.94,CNY
301391.SZ,20250630,云联网播放器,P,22448006.42,10672322.45,11775683.97,CNY
301391.SZ,20250630,配件及其他,P,22304609.29,11596473.55,10708135.74,CNY
301391.SZ,20250630,其他业务,P,223897.07,,,CNY
301391.SZ,20250630,发送器,P,12418081.09,5650028.16,6768052.93,CNY
301391.SZ,20250630,配件及其他,P,22304609.29,11596473.55,10708135.74,CNY
301391.SZ,20250630,发送器,P,12418081.09,5650028.16,6768052.93,CNY
301391.SZ,20250630,接收卡,P,94612919.16,21153727.0,73459192.16,CNY
301391.SZ,20250630,其他业务,P,223897.07,,,CNY
301391.SZ,20250630,云联网播放器,P,22448006.42,10672322.45,11775683.97,CNY
301391.SZ,20250630,国外,D,33193927.36,23075159.37,10118767.99,CNY
301391.SZ,20250630,发送器,P,12418081.09,5650028.16,6768052.93,CNY
301391.SZ,20250630,其他业务,P,223897.07,,,CNY
301391.SZ,20250630,接收卡,P,94612919.16,21153727.0,73459192.16,CNY
301391.SZ,20250630,云联网播放器,P,22448006.42,10672322.45,11775683.97,CNY
301391.SZ,20250630,中国大陆,D,239360514.75,97418216.0,141942298.75,CNY
301391.SZ,20250630,接收卡,P,94612919.16,21153727.0,73459192.16,CNY
301391.SZ,20250630,中国大陆,D,239360514.75,97418216.0,141942298.75,CNY
301391.SZ,20250630,视频处理设备,P,120546929.08,71196927.14,49350001.94,CNY
301391.SZ,20250630,发送器,P,12418081.09,5650028.16,6768052.93,CNY
301391.SZ,20250630,云联网播放器,P,22448006.42,10672322.45,11775683.97,CNY
301391.SZ,20250630,配件及其他,P,22304609.29,11596473.55,10708135.74,CNY
301391.SZ,20250630,发送器,P,12418081.09,5650028.16,6768052.93,CNY
301391.SZ,20250630,发送器,P,12418081.09,5650028.16,6768052.93,CNY
301391.SZ,20250630,其他业务,P,223897.07,,,CNY
301391.SZ,20250630,云联网播放器,P,22448006.42,10672322.45,11775683.97,CNY
301391.SZ,20250630,其他业务,P,223897.07,,,CNY
301391.SZ,20250630,接收卡,P,94612919.16,21153727.0,73459192.16,CNY
301391.SZ,20250630,接收卡,P,94612919.16,21153727.0,73459192.16,CNY
301391.SZ,20250630,中国大陆,D,239360514.75,97418216.0,141942298.75,CNY
301391.SZ,20250630,其他业务,P,223897.07,,,CNY
301391.SZ,20250630,中国大陆,D,239360514.75,97418216.0,141942298.75,CNY
301391.SZ,20250630,视频处理设备,P,120546929.08,71196927.14,49350001.94,CNY
301391.SZ,20250630,接收卡,P,94612919.16,21153727.0,73459192.16,CNY
301391.SZ,20250630,发送器,P,12418081.09,5650028.16,6768052.93,CNY
301391.SZ,20241231,云联网播放器,P,46874282.02,24047373.8,22826908.22,CNY
301391.SZ,20241231,中国大陆,D,571586615.49,233526050.43,338060565.06,CNY
301391.SZ,20241231,直销,455006000,607510562.79,268664187.27,338846375.52,CNY
301391.SZ,20241231,其他业务,P,52540.97,,,CNY
301391.SZ,20241231,配件及其他,P,45853469.07,32819693.32,13033775.75,CNY
301391.SZ,20241231,经销,455006000,35371081.77,14425824.17,20945257.6,CNY
301391.SZ,20241231,接收卡,P,238432255.16,50070991.38,188361263.78,CNY
301391.SZ,20241231,视频图像显示控制行业,I,642881644.56,283090011.44,359791633.12,CNY
301391.SZ,20241231,发送器,P,31049820.13,15073437.41,15976382.72,CNY
301391.SZ,20241231,视频处理设备,P,280619277.21,161025974.56,119593302.65,CNY
301391.SZ,20241231,国外,D,71295029.07,49563961.01,21731068.06,CNY
301391.SZ,20240630,视频处理设备,P,106712638.98,59735950.28,46976688.7,CNY
301391.SZ,20240630,配件及其他,P,19642010.93,14295224.87,5346786.06,CNY
301391.SZ,20240630,国外,D,35731869.3,25416956.76,10314912.54,CNY
301391.SZ,20240630,其他业务,P,6761.06,,,CNY
301391.SZ,20240630,云联网播放器,P,20263233.34,10779995.27,9483238.07,CNY
301391.SZ,20240630,中国大陆,D,225841913.66,88636356.4,137205557.26,CNY
301391.SZ,20240630,发送器,P,9317890.58,4803435.08,4514455.5,CNY
301391.SZ,20240630,接收卡,P,105631248.07,24431946.6,81199301.47,CNY
301391.SZ,20231231,其他收入-产品,P,58749.65,,,CNY
301391.SZ,20231231,北美洲,D,80962141.45,66566861.18,14395280.27,CNY
301391.SZ,20231231,其他业务收入,P,58749.65,,,CNY
