ts_code,end_date,bz_item,bz_code,bz_sales,bz_profit,bz_cost,curr_type
603499.SH,20250630,华东,D,515341066.16,146334855.85,369006210.31,CNY
603499.SH,20250630,化妆品,P,42294382.58,3859447.39,38434935.19,CNY
603499.SH,20250630,化妆品,P,42294382.58,3859447.39,38434935.19,CNY
603499.SH,20250630,化妆品,P,42294382.58,3859447.39,38434935.19,CNY
603499.SH,20250630,华东,D,515341066.16,146334855.85,369006210.31,CNY
603499.SH,20250630,直销,455006000,515341066.16,146334855.85,369006210.31,CNY
603499.SH,20250630,化妆品,P,42294382.58,3859447.39,38434935.19,CNY
603499.SH,20250630,分部抵消,P,-5968961.09,,-5968961.09,CNY
603499.SH,20250630,包装容器,P,479015644.67,142475408.46,336540236.21,CNY
603499.SH,20250630,分部抵消,P,-5968961.09,,-5968961.09,CNY
603499.SH,20250630,包装容器,P,479015644.67,142475408.46,336540236.21,CNY
603499.SH,20250630,化妆品,P,42294382.58,3859447.39,38434935.19,CNY
603499.SH,20250630,直销,455006000,515341066.16,146334855.85,369006210.31,CNY
603499.SH,20250630,化妆品,P,42294382.58,3859447.39,38434935.19,CNY
603499.SH,20250630,华东,D,515341066.16,146334855.85,369006210.31,CNY
603499.SH,20250630,包装容器,P,479015644.67,142475408.46,336540236.21,CNY
603499.SH,20250630,华东,D,515341066.16,146334855.85,369006210.31,CNY
603499.SH,20250630,分部抵消,P,-5968961.09,,-5968961.09,CNY
603499.SH,20250630,包装容器,P,479015644.67,142475408.46,336540236.21,CNY
603499.SH,20250630,化妆品,P,42294382.58,3859447.39,38434935.19,CNY
603499.SH,20250630,华东,D,515341066.16,146334855.85,369006210.31,CNY
603499.SH,20250630,直销,455006000,515341066.16,146334855.85,369006210.31,CNY
603499.SH,20250630,直销,455006000,515341066.16,146334855.85,369006210.31,CNY
603499.SH,20250630,化妆品,P,42294382.58,3859447.39,38434935.19,CNY
603499.SH,20250630,包装容器,P,479015644.67,142475408.46,336540236.21,CNY
603499.SH,20250630,直销,455006000,515341066.16,146334855.85,369006210.31,CNY
603499.SH,20250630,分部抵消,P,-5968961.09,,-5968961.09,CNY
603499.SH,20250630,包装容器,P,479015644.67,142475408.46,336540236.21,CNY
603499.SH,20250630,华东,D,515341066.16,146334855.85,369006210.31,CNY
603499.SH,20250630,直销,455006000,515341066.16,146334855.85,369006210.31,CNY
603499.SH,20250630,分部抵消,P,-5968961.09,,-5968961.09,CNY
603499.SH,20250630,化妆品,P,42294382.58,3859447.39,38434935.19,CNY
603499.SH,20250630,直销,455006000,515341066.16,146334855.85,369006210.31,CNY
603499.SH,20250630,包装容器,P,479015644.67,142475408.46,336540236.21,CNY
603499.SH,20250630,直销,455006000,515341066.16,146334855.85,369006210.31,CNY
603499.SH,20250630,分部抵消,P,-5968961.09,,-5968961.09,CNY
603499.SH,20250630,化妆品,P,42294382.58,3859447.39,38434935.19,CNY
603499.SH,20250630,包装容器,P,479015644.67,142475408.46,336540236.21,CNY
603499.SH,20250630,直销,455006000,515341066.16,146334855.85,369006210.31,CNY
603499.SH,20250630,分部抵消,P,-5968961.09,,-5968961.09,CNY
603499.SH,20250630,化妆品,P,42294382.58,3859447.39,38434935.19,CNY
603499.SH,20250630,包装容器,P,479015644.67,142475408.46,336540236.21,CNY
603499.SH,20250630,华东,D,515341066.16,146334855.85,369006210.31,CNY
603499.SH,20250630,分部抵消,P,-5968961.09,,-5968961.09,CNY
603499.SH,20250630,化妆品,P,42294382.58,3859447.39,38434935.19,CNY
603499.SH,20250630,华东,D,515341066.16,146334855.85,369006210.31,CNY
603499.SH,20250630,直销,455006000,515341066.16,146334855.85,369006210.31,CNY
603499.SH,20250630,分部抵消,P,-5968961.09,,-5968961.09,CNY
603499.SH,20250630,化妆品,P,42294382.58,3859447.39,38434935.19,CNY
603499.SH,20250630,包装容器,P,479015644.67,142475408.46,336540236.21,CNY
603499.SH,20250630,华东,D,515341066.16,146334855.85,369006210.31,CNY
603499.SH,20250630,直销,455006000,515341066.16,146334855.85,369006210.31,CNY
603499.SH,20250630,分部抵消,P,-5968961.09,,-5968961.09,CNY
603499.SH,20250630,化妆品,P,42294382.58,3859447.39,38434935.19,CNY
603499.SH,20250630,包装容器,P,479015644.67,142475408.46,336540236.21,CNY
603499.SH,20250630,华东,D,515341066.16,146334855.85,369006210.31,CNY
603499.SH,20250630,直销,455006000,515341066.16,146334855.85,369006210.31,CNY
603499.SH,20250630,分部抵消,P,-5968961.09,,-5968961.09,CNY
603499.SH,20250630,化妆品,P,42294382.58,3859447.39,38434935.19,CNY
603499.SH,20250630,包装容器,P,479015644.67,142475408.46,336540236.21,CNY
603499.SH,20250630,包装容器,P,479015644.67,142475408.46,336540236.21,CNY
603499.SH,20250630,华东,D,515341066.16,146334855.85,369006210.31,CNY
603499.SH,20250630,直销,455006000,515341066.16,146334855.85,369006210.31,CNY
603499.SH,20250630,分部抵消,P,-5968961.09,,-5968961.09,CNY
603499.SH,20250630,华东,D,515341066.16,146334855.85,369006210.31,CNY
603499.SH,20250630,直销,455006000,515341066.16,146334855.85,369006210.31,CNY
603499.SH,20250630,分部抵消,P,-5968961.09,,-5968961.09,CNY
603499.SH,20250630,化妆品,P,42294382.58,3859447.39,38434935.19,CNY
603499.SH,20250630,包装容器,P,479015644.67,142475408.46,336540236.21,CNY
603499.SH,20250630,华东,D,515341066.16,146334855.85,369006210.31,CNY
603499.SH,20250630,直销,455006000,515341066.16,146334855.85,369006210.31,CNY
603499.SH,20250630,分部抵消,P,-5968961.09,,-5968961.09,CNY
603499.SH,20250630,化妆品,P,42294382.58,3859447.39,38434935.19,CNY
603499.SH,20250630,包装容器,P,479015644.67,142475408.46,336540236.21,CNY
603499.SH,20250630,华东,D,515341066.16,146334855.85,369006210.31,CNY
603499.SH,20250630,直销,455006000,515341066.16,146334855.85,369006210.31,CNY
603499.SH,20250630,分部抵消,P,-5968961.09,,-5968961.09,CNY
603499.SH,20250630,化妆品,P,42294382.58,3859447.39,38434935.19,CNY
603499.SH,20250630,包装容器,P,479015644.67,142475408.46,336540236.21,CNY
603499.SH,20250630,华东,D,515341066.16,146334855.85,369006210.31,CNY
603499.SH,20250630,直销,455006000,515341066.16,146334855.85,369006210.31,CNY
603499.SH,20250630,分部抵消,P,-5968961.09,,-5968961.09,CNY
603499.SH,20250630,分部抵消,P,-5968961.09,,-5968961.09,CNY
603499.SH,20250630,包装容器,P,479015644.67,142475408.46,336540236.21,CNY
603499.SH,20250630,华东,D,515341066.16,146334855.85,369006210.31,CNY
603499.SH,20250630,直销,455006000,515341066.16,146334855.85,369006210.31,CNY
603499.SH,20250630,分部抵消,P,-5968961.09,,-5968961.09,CNY
603499.SH,20250630,化妆品,P,42294382.58,3859447.39,38434935.19,CNY
603499.SH,20250630,包装容器,P,479015644.67,142475408.46,336540236.21,CNY
603499.SH,20250630,华东,D,515341066.16,146334855.85,369006210.31,CNY
603499.SH,20250630,直销,455006000,515341066.16,146334855.85,369006210.31,CNY
603499.SH,20250630,包装容器,P,479015644.67,142475408.46,336540236.21,CNY
603499.SH,20250630,华东,D,515341066.16,146334855.85,369006210.31,CNY
603499.SH,20250630,直销,455006000,515341066.16,146334855.85,369006210.31,CNY
603499.SH,20250630,分部抵消,P,-5968961.09,,-5968961.09,CNY
603499.SH,20250630,分部抵消,P,-5968961.09,,-5968961.09,CNY
603499.SH,20250630,化妆品,P,42294382.58,3859447.39,38434935.19,CNY
603499.SH,20250630,包装容器,P,479015644.67,142475408.46,336540236.21,CNY
603499.SH,20250630,华东,D,515341066.16,146334855.85,369006210.31,CNY
603499.SH,20250630,直销,455006000,515341066.16,146334855.85,369006210.31,CNY
603499.SH,20250630,包装容器,P,479015644.67,142475408.46,336540236.21,CNY
603499.SH,20250630,分部抵消,P,-5968961.09,,-5968961.09,CNY
603499.SH,20250630,华东,D,515341066.16,146334855.85,369006210.31,CNY
603499.SH,20250630,华东,D,515341066.16,146334855.85,369006210.31,CNY
603499.SH,20250630,化妆品,P,42294382.58,3859447.39,38434935.19,CNY
603499.SH,20241231,包袋、内衬、说明书等其他印刷包装品,P,15521198.48,3102897.34,12418301.14,CNY
603499.SH,20241231,西南,D,21696035.7,1198601.63,20497434.07,CNY
603499.SH,20241231,华东,D,705105803.97,175231985.27,529873818.7,CNY
603499.SH,20241231,包装容器(行业),I,364847565.59,99389297.82,265458267.77,CNY
603499.SH,20241231,直销,455006000,885319514.4,218998475.82,666321038.58,CNY
603499.SH,20241231,其他(地区),D,3829731.01,-663010.55,4492741.56,CNY
603499.SH,20241231,华南,D,21279800.35,3746364.92,17533435.43,CNY
603499.SH,20241231,华北,D,19022604.82,2605657.5,16416947.32,CNY
603499.SH,20241231,其他-其他,P,1030529.6,649573.09,380956.51,CNY
603499.SH,20241231,国外,D,114385538.55,36878877.05,77506661.5,CNY
603499.SH,20241231,废料销售,P,1755298.13,,,CNY
603499.SH,20241231,材料,P,761509.04,-51263.68,812772.72,CNY
603499.SH,20241231,租赁收入,P,24457138.57,17787814.01,6669324.56,CNY
603499.SH,20241231,劳务收入,P,4196218.61,504981.87,3691236.74,CNY
603499.SH,20241231,标签,P,13969174.12,-3150009.09,17119183.21,CNY
603499.SH,20241231,彩盒,P,358442491.3,90563020.89,267879470.41,CNY
603499.SH,20241231,化妆品,P,100338390.96,8446865.44,91891525.52,CNY
603499.SH,20241231,包装容器,P,364847565.59,99389297.82,265458267.77,CNY
603499.SH,20241231,劳务(行业),I,4196218.61,504981.87,3691236.74,CNY
603499.SH,20241231,其他业务(行业),I,28004475.34,20141421.55,7863053.79,CNY
603499.SH,20241231,化妆品行业,I,100338390.96,8446865.44,91891525.52,CNY
603499.SH,20241231,印刷包装,I,387932863.9,90515909.14,297416954.76,CNY
603499.SH,20240630,化妆品,P,48909110.86,3997196.83,44911914.03,CNY
603499.SH,20240630,分部抵消,P,-3832559.59,,-3832559.59,CNY
603499.SH,20240630,包装容器,P,313385747.69,71386726.53,241999021.16,CNY
603499.SH,20231231,其他(地区),D,3279781.33,-880942.18,4160723.51,CNY
603499.SH,20231231,租赁收入,P,22749138.62,16166157.12,6582981.5,CNY
603499.SH,20231231,西南,D,37343665.66,1438835.32,35904830.34,CNY
603499.SH,20231231,华南,D,24241258.92,3894122.55,20347136.37,CNY
603499.SH,20231231,其他-其他,P,845272.97,451635.81,393637.16,CNY
603499.SH,20231231,化妆品,P,119215456.77,11425930.74,107789526.03,CNY
603499.SH,20231231,烟标,P,28533820.31,-2177074.51,30710894.82,CNY
603499.SH,20231231,彩盒,P,176920933.48,22476222.41,154444711.07,CNY
603499.SH,20231231,包袋、内衬、说明书等其他印刷包装品,P,17501258.51,4309098.44,13192160.07,CNY
603499.SH,20231231,包装容器,P,308896328.63,83279660.47,225616668.16,CNY
603499.SH,20231231,海外,D,110475317.66,32855369.67,77619947.99,CNY
603499.SH,20231231,标签,P,12816914.1,-2973215.08,15790129.18,CNY
603499.SH,20231231,包装容器(行业),I,308896328.63,83279660.47,225616668.16,CNY
603499.SH,20231231,劳务(行业),I,4792136.57,264128.27,4528008.3,CNY
603499.SH,20231231,其他业务(地区),D,25408721.32,18432102.66,6976618.66,CNY
603499.SH,20231231,华北,D,14692437.0,2166747.96,12525689.04,CNY
603499.SH,20231231,华东,D,478644387.8,77130617.42,401513770.38,CNY
603499.SH,20231231,印刷包装,I,235772926.4,21635031.26,214137895.14,CNY
603499.SH,20231231,劳务收入,P,4792136.57,264128.27,4528008.3,CNY
603499.SH,20231231,废料销售,P,1814309.73,,,CNY
