ts_code,end_date,bz_item,bz_code,bz_sales,bz_profit,bz_cost,curr_type
688127.SH,20250630,玻璃晶圆,P,47299771.17,9222586.71,38077184.46,CNY
688127.SH,20250630,玻璃晶圆,P,47299771.17,9222586.71,38077184.46,CNY
688127.SH,20250630,玻璃非球面透镜,P,152325258.71,70905428.65,81419830.06,CNY
688127.SH,20250630,LED光学棱镜灯,P,343394435.35,113850944.98,229543490.37,CNY
688127.SH,20250630,其他业务,P,137614.68,,,CNY
688127.SH,20250630,中国港澳台地区及海外地区,D,325634557.12,126220941.61,199413615.51,CNY
688127.SH,20250630,中国大陆,D,251121401.77,81225015.49,169896386.28,CNY
688127.SH,20250630,其他主营业务,P,33736493.66,13466996.76,20269496.9,CNY
688127.SH,20250630,玻璃晶圆,P,47299771.17,9222586.71,38077184.46,CNY
688127.SH,20250630,玻璃非球面透镜,P,152325258.71,70905428.65,81419830.06,CNY
688127.SH,20250630,其他业务,P,137614.68,,,CNY
688127.SH,20250630,中国港澳台地区及海外地区,D,325634557.12,126220941.61,199413615.51,CNY
688127.SH,20250630,其他主营业务,P,33736493.66,13466996.76,20269496.9,CNY
688127.SH,20250630,玻璃晶圆,P,47299771.17,9222586.71,38077184.46,CNY
688127.SH,20250630,玻璃非球面透镜,P,152325258.71,70905428.65,81419830.06,CNY
688127.SH,20250630,LED光学棱镜灯,P,343394435.35,113850944.98,229543490.37,CNY
688127.SH,20250630,其他业务(地区),D,137614.68,,,CNY
688127.SH,20250630,中国港澳台地区及海外地区,D,325634557.12,126220941.61,199413615.51,CNY
688127.SH,20250630,其他主营业务,P,33736493.66,13466996.76,20269496.9,CNY
688127.SH,20250630,玻璃晶圆,P,47299771.17,9222586.71,38077184.46,CNY
688127.SH,20250630,玻璃非球面透镜,P,152325258.71,70905428.65,81419830.06,CNY
688127.SH,20250630,其他业务(地区),D,137614.68,,,CNY
688127.SH,20250630,LED光学棱镜灯,P,343394435.35,113850944.98,229543490.37,CNY
688127.SH,20250630,中国港澳台地区及海外地区,D,325634557.12,126220941.61,199413615.51,CNY
688127.SH,20250630,其他业务,P,137614.68,,,CNY
688127.SH,20250630,中国大陆,D,251121401.77,81225015.49,169896386.28,CNY
688127.SH,20250630,LED光学棱镜灯,P,343394435.35,113850944.98,229543490.37,CNY
688127.SH,20250630,其他业务,P,137614.68,,,CNY
688127.SH,20250630,其他业务(地区),D,137614.68,,,CNY
688127.SH,20250630,中国大陆,D,251121401.77,81225015.49,169896386.28,CNY
688127.SH,20250630,中国港澳台地区及海外地区,D,325634557.12,126220941.61,199413615.51,CNY
688127.SH,20250630,玻璃晶圆,P,47299771.17,9222586.71,38077184.46,CNY
688127.SH,20250630,其他主营业务,P,33736493.66,13466996.76,20269496.9,CNY
688127.SH,20250630,LED光学棱镜灯,P,343394435.35,113850944.98,229543490.37,CNY
688127.SH,20250630,玻璃非球面透镜,P,152325258.71,70905428.65,81419830.06,CNY
688127.SH,20250630,其他业务,P,137614.68,,,CNY
688127.SH,20250630,其他业务(地区),D,137614.68,,,CNY
688127.SH,20250630,中国港澳台地区及海外地区,D,325634557.12,126220941.61,199413615.51,CNY
688127.SH,20250630,其他主营业务,P,33736493.66,13466996.76,20269496.9,CNY
688127.SH,20250630,玻璃非球面透镜,P,152325258.71,70905428.65,81419830.06,CNY
688127.SH,20250630,玻璃晶圆,P,47299771.17,9222586.71,38077184.46,CNY
688127.SH,20250630,中国港澳台地区及海外地区,D,325634557.12,126220941.61,199413615.51,CNY
688127.SH,20250630,中国大陆,D,251121401.77,81225015.49,169896386.28,CNY
688127.SH,20250630,其他主营业务,P,33736493.66,13466996.76,20269496.9,CNY
688127.SH,20250630,玻璃晶圆,P,47299771.17,9222586.71,38077184.46,CNY
688127.SH,20250630,玻璃非球面透镜,P,152325258.71,70905428.65,81419830.06,CNY
688127.SH,20250630,中国港澳台地区及海外地区,D,325634557.12,126220941.61,199413615.51,CNY
688127.SH,20250630,其他主营业务,P,33736493.66,13466996.76,20269496.9,CNY
688127.SH,20250630,其他业务,P,137614.68,,,CNY
688127.SH,20250630,中国港澳台地区及海外地区,D,325634557.12,126220941.61,199413615.51,CNY
688127.SH,20250630,中国大陆,D,251121401.77,81225015.49,169896386.28,CNY
688127.SH,20250630,其他主营业务,P,33736493.66,13466996.76,20269496.9,CNY
688127.SH,20250630,LED光学棱镜灯,P,343394435.35,113850944.98,229543490.37,CNY
688127.SH,20250630,其他业务,P,137614.68,,,CNY
688127.SH,20250630,中国港澳台地区及海外地区,D,325634557.12,126220941.61,199413615.51,CNY
688127.SH,20250630,中国大陆,D,251121401.77,81225015.49,169896386.28,CNY
688127.SH,20250630,其他主营业务,P,33736493.66,13466996.76,20269496.9,CNY
688127.SH,20250630,玻璃晶圆,P,47299771.17,9222586.71,38077184.46,CNY
688127.SH,20250630,玻璃非球面透镜,P,152325258.71,70905428.65,81419830.06,CNY
688127.SH,20250630,LED光学棱镜灯,P,343394435.35,113850944.98,229543490.37,CNY
688127.SH,20250630,其他业务(地区),D,137614.68,,,CNY
688127.SH,20250630,其他业务,P,137614.68,,,CNY
688127.SH,20250630,玻璃非球面透镜,P,152325258.71,70905428.65,81419830.06,CNY
688127.SH,20250630,其他业务(地区),D,137614.68,,,CNY
688127.SH,20250630,LED光学棱镜灯,P,343394435.35,113850944.98,229543490.37,CNY
688127.SH,20250630,其他业务(地区),D,137614.68,,,CNY
688127.SH,20250630,LED光学棱镜灯,P,343394435.35,113850944.98,229543490.37,CNY
688127.SH,20250630,其他主营业务,P,33736493.66,13466996.76,20269496.9,CNY
688127.SH,20250630,中国大陆,D,251121401.77,81225015.49,169896386.28,CNY
688127.SH,20250630,其他业务(地区),D,137614.68,,,CNY
688127.SH,20250630,其他业务,P,137614.68,,,CNY
688127.SH,20250630,中国大陆,D,251121401.77,81225015.49,169896386.28,CNY
688127.SH,20250630,玻璃晶圆,P,47299771.17,9222586.71,38077184.46,CNY
688127.SH,20250630,玻璃非球面透镜,P,152325258.71,70905428.65,81419830.06,CNY
688127.SH,20250630,LED光学棱镜灯,P,343394435.35,113850944.98,229543490.37,CNY
688127.SH,20250630,中国港澳台地区及海外地区,D,325634557.12,126220941.61,199413615.51,CNY
688127.SH,20250630,中国大陆,D,251121401.77,81225015.49,169896386.28,CNY
688127.SH,20250630,LED光学棱镜灯,P,343394435.35,113850944.98,229543490.37,CNY
688127.SH,20250630,其他业务(地区),D,137614.68,,,CNY
688127.SH,20250630,中国大陆,D,251121401.77,81225015.49,169896386.28,CNY
688127.SH,20250630,其他业务,P,137614.68,,,CNY
688127.SH,20250630,其他业务(地区),D,137614.68,,,CNY
688127.SH,20250630,其他主营业务,P,33736493.66,13466996.76,20269496.9,CNY
688127.SH,20250630,玻璃晶圆,P,47299771.17,9222586.71,38077184.46,CNY
688127.SH,20250630,其他业务(地区),D,137614.68,,,CNY
688127.SH,20250630,玻璃非球面透镜,P,152325258.71,70905428.65,81419830.06,CNY
688127.SH,20250630,中国大陆,D,251121401.77,81225015.49,169896386.28,CNY
688127.SH,20250630,其他业务,P,137614.68,,,CNY
688127.SH,20241231,中国港澳台地区及海外地区,D,679790237.53,266102541.17,413687696.36,CNY
688127.SH,20241231,光学光电子,I,1029130366.67,409891763.95,619238602.72,CNY
688127.SH,20241231,中国大陆,D,349340129.14,143789222.78,205550906.36,CNY
688127.SH,20241231,玻璃晶圆,P,72586851.81,11623095.16,60963756.65,CNY
688127.SH,20241231,其他业务(销售模式),455006000,5082372.95,2270475.11,2811897.84,CNY
688127.SH,20241231,其他业务(地区),D,5082372.95,2270475.11,2811897.84,CNY
688127.SH,20241231,其他业务,P,5082372.95,2270475.11,2811897.84,CNY
688127.SH,20241231,LED光学棱镜灯,P,653903403.19,248416678.72,405486724.47,CNY
688127.SH,20241231,其他主营业务,P,51473326.09,19422885.26,32050440.83,CNY
688127.SH,20241231,玻璃非球面透镜,P,251166785.58,130429104.81,120737680.77,CNY
688127.SH,20241231,直接销售,455006000,1029130366.67,409891763.95,619238602.72,CNY
688127.SH,20241231,其他业务(行业),I,5082372.95,2270475.11,2811897.84,CNY
688127.SH,20240630,港澳台地区及海外地区,D,255945282.66,71930671.48,184014611.18,CNY
688127.SH,20240630,中国大陆,D,122136881.59,47471716.4,74665165.19,CNY
688127.SH,20240630,其他主营业务,P,20486800.47,8208756.53,12278043.94,CNY
688127.SH,20240630,玻璃晶圆,P,31330034.02,3847203.59,27482830.43,CNY
688127.SH,20240630,其他业务(地区),D,114908.25,,,CNY
688127.SH,20240630,其他业务,P,114908.25,,,CNY
688127.SH,20240630,LED光学棱镜灯,P,203312369.2,47253759.63,156058609.57,CNY
688127.SH,20240630,玻璃非球面透镜,P,122952960.56,60092668.13,62860292.43,CNY
688127.SH,20231231,光学光电子,I,752829572.66,316367392.61,436462180.05,CNY
688127.SH,20231231,其他业务(地区),D,1633913.29,1050960.13,582953.16,CNY
688127.SH,20231231,其他主营业务,P,48010231.91,18065555.84,29944676.07,CNY
688127.SH,20231231,玻璃非球面透镜,P,241317054.05,112369963.77,128947090.28,CNY
688127.SH,20231231,LED光学棱镜灯,P,411246674.06,177406685.14,233839988.92,CNY
688127.SH,20231231,其他业务,P,1633913.29,1050960.13,582953.16,CNY
688127.SH,20231231,港澳台地区及海外地区,D,521817626.86,222345884.2,299471742.66,CNY
688127.SH,20231231,中国大陆,D,231011945.8,94021508.41,136990437.39,CNY
688127.SH,20231231,玻璃晶圆,P,52255612.64,8525187.86,43730424.78,CNY
688127.SH,20230630,LED光学棱镜灯,P,49189613.51,,,CNY
688127.SH,20230630,玻璃非球面透镜,P,105977185.06,,,CNY
688127.SH,20230630,玻璃晶圆,P,21239644.57,,,CNY
688127.SH,20230630,其他主营业务,P,24549738.51,,,CNY
688127.SH,20230630,中国大陆,D,100666487.78,,,CNY
688127.SH,20230630,港澳台地区及海外地区,D,100289693.87,,,CNY
688127.SH,20221231,LED光学棱镜灯,P,141160531.38,63076410.84,78084120.54,CNY
688127.SH,20221231,玻璃晶圆,P,41439876.81,4288451.23,37151425.58,CNY
688127.SH,20221231,其他主营业务,P,38216611.73,12951366.11,25265245.62,CNY
688127.SH,20221231,光学光电子,I,378581429.87,141644019.78,236937410.09,CNY
688127.SH,20221231,中国大陆,D,242306201.68,103563775.79,138742425.89,CNY
688127.SH,20221231,港澳台地区及海外地区,D,136275228.19,38080243.99,98194984.2,CNY
688127.SH,20221231,玻璃非球面透镜,P,157764409.95,61327791.6,96436618.35,CNY
688127.SH,20221231,其他业务,P,1784677.56,1402712.74,381964.82,CNY
688127.SH,20221231,其他业务(地区),D,1784677.56,1402712.74,381964.82,CNY
688127.SH,20220630,LED光学棱镜灯,P,90746298.33,,,CNY
688127.SH,20220630,玻璃非球面透镜,P,67932910.46,,,CNY
688127.SH,20220630,玻璃晶圆,P,22270728.18,,,CNY
688127.SH,20220630,其他主营业务,P,20042946.28,,,CNY
688127.SH,20220630,中国大陆,D,126205842.03,,,CNY
688127.SH,20220630,港澳台地区及海外地区,D,75317568.71,,,CNY
688127.SH,20220630,汽车后视镜,P,530527.49,,,CNY
688127.SH,20211231,LED光学棱镜灯,P,230807674.16,134213546.3,96594127.86,CNY
688127.SH,20211231,玻璃非球面透镜,P,99130868.49,39229586.02,59901282.47,CNY
688127.SH,20211231,玻璃晶圆,P,43874603.43,15880187.28,27994416.15,CNY
688127.SH,20211231,其他主营业务,P,39572495.03,17453071.44,22119423.59,CNY
688127.SH,20211231,光学光电子,I,414737757.99,207568466.04,207169291.95,CNY
688127.SH,20211231,中国大陆,D,257385213.11,121634197.64,135751015.47,CNY
688127.SH,20211231,港澳台地区及海外地区,D,157352544.88,85934268.4,71418276.48,CNY
688127.SH,20211231,汽车后视镜,P,1352116.88,792075.0,560041.88,CNY
688127.SH,20211231,其他业务,P,745982.37,442123.53,303858.84,CNY
688127.SH,20211231,其他业务(地区),D,745982.37,442123.53,303858.84,CNY
688127.SH,20210630,港澳台地区及海外地区,D,90401767.49,,,CNY
