ts_code,end_date,bz_item,bz_code,bz_sales,bz_profit,bz_cost,curr_type
688247.SH,20250630,代理权收入,P,8640663.78,,,CNY
688247.SH,20250630,CRO服务收入,P,20599675.54,8347839.76,12251835.78,CNY
688247.SH,20250630,自主研发技术成果转化,P,8545520.33,,,CNY
688247.SH,20250630,其他业务,P,271511.33,187429.58,84081.75,CNY
688247.SH,20250630,权益分成收入,P,14281170.54,,,CNY
688247.SH,20250630,权益分成收入,P,14281170.54,,,CNY
688247.SH,20250630,CRO/CMO,P,13864283.61,8384711.04,5479572.57,CNY
688247.SH,20250630,CRO服务收入,P,20599675.54,8347839.76,12251835.78,CNY
688247.SH,20250630,CRO/CMO,P,13864283.61,8384711.04,5479572.57,CNY
688247.SH,20250630,权益分成收入,P,14281170.54,,,CNY
688247.SH,20250630,代理权收入,P,8640663.78,,,CNY
688247.SH,20250630,CRO服务收入,P,20599675.54,8347839.76,12251835.78,CNY
688247.SH,20250630,CRO/CMO,P,13864283.61,8384711.04,5479572.57,CNY
688247.SH,20250630,其他业务,P,271511.33,187429.58,84081.75,CNY
688247.SH,20250630,产品销售收入,P,153404209.53,42160461.33,111243748.2,CNY
688247.SH,20250630,代理权收入,P,8640663.78,,,CNY
688247.SH,20250630,产品销售收入,P,153404209.53,42160461.33,111243748.2,CNY
688247.SH,20250630,其他业务,P,271511.33,187429.58,84081.75,CNY
688247.SH,20250630,产品销售收入,P,153404209.53,42160461.33,111243748.2,CNY
688247.SH,20250630,自主研发技术成果转化,P,8545520.33,,,CNY
688247.SH,20250630,自主研发技术成果转化,P,8545520.33,,,CNY
688247.SH,20250630,CRO服务收入,P,20599675.54,8347839.76,12251835.78,CNY
688247.SH,20250630,自主研发技术成果转化,P,8545520.33,,,CNY
688247.SH,20250630,其他业务,P,271511.33,187429.58,84081.75,CNY
688247.SH,20250630,代理权收入,P,8640663.78,,,CNY
688247.SH,20250630,自主研发技术成果转化,P,8545520.33,,,CNY
688247.SH,20250630,权益分成收入,P,14281170.54,,,CNY
688247.SH,20250630,CRO/CMO,P,13864283.61,8384711.04,5479572.57,CNY
688247.SH,20250630,产品销售收入,P,153404209.53,42160461.33,111243748.2,CNY
688247.SH,20250630,CRO/CMO,P,13864283.61,8384711.04,5479572.57,CNY
688247.SH,20250630,权益分成收入,P,14281170.54,,,CNY
688247.SH,20250630,代理权收入,P,8640663.78,,,CNY
688247.SH,20250630,自主研发技术成果转化,P,8545520.33,,,CNY
688247.SH,20250630,产品销售收入,P,153404209.53,42160461.33,111243748.2,CNY
688247.SH,20250630,CRO服务收入,P,20599675.54,8347839.76,12251835.78,CNY
688247.SH,20250630,其他业务,P,271511.33,187429.58,84081.75,CNY
688247.SH,20250630,代理权收入,P,8640663.78,,,CNY
688247.SH,20250630,自主研发技术成果转化,P,8545520.33,,,CNY
688247.SH,20250630,权益分成收入,P,14281170.54,,,CNY
688247.SH,20250630,CRO/CMO,P,13864283.61,8384711.04,5479572.57,CNY
688247.SH,20250630,产品销售收入,P,153404209.53,42160461.33,111243748.2,CNY
688247.SH,20250630,代理权收入,P,8640663.78,,,CNY
688247.SH,20250630,CRO/CMO,P,13864283.61,8384711.04,5479572.57,CNY
688247.SH,20250630,CRO服务收入,P,20599675.54,8347839.76,12251835.78,CNY
688247.SH,20250630,权益分成收入,P,14281170.54,,,CNY
688247.SH,20250630,其他业务,P,271511.33,187429.58,84081.75,CNY
688247.SH,20250630,产品销售收入,P,153404209.53,42160461.33,111243748.2,CNY
688247.SH,20250630,产品销售收入,P,153404209.53,42160461.33,111243748.2,CNY
688247.SH,20250630,自主研发技术成果转化,P,8545520.33,,,CNY
688247.SH,20250630,CRO服务收入,P,20599675.54,8347839.76,12251835.78,CNY
688247.SH,20250630,权益分成收入,P,14281170.54,,,CNY
688247.SH,20250630,代理权收入,P,8640663.78,,,CNY
688247.SH,20250630,CRO/CMO,P,13864283.61,8384711.04,5479572.57,CNY
688247.SH,20250630,其他业务,P,271511.33,187429.58,84081.75,CNY
688247.SH,20250630,其他业务,P,271511.33,187429.58,84081.75,CNY
688247.SH,20250630,CRO服务收入,P,20599675.54,8347839.76,12251835.78,CNY
688247.SH,20250630,权益分成收入,P,14281170.54,,,CNY
688247.SH,20250630,自主研发技术成果转化,P,8545520.33,,,CNY
688247.SH,20250630,产品销售收入,P,153404209.53,42160461.33,111243748.2,CNY
688247.SH,20250630,CRO服务收入,P,20599675.54,8347839.76,12251835.78,CNY
688247.SH,20250630,其他业务,P,271511.33,187429.58,84081.75,CNY
688247.SH,20250630,CRO/CMO,P,13864283.61,8384711.04,5479572.57,CNY
688247.SH,20250630,代理权收入,P,8640663.78,,,CNY
688247.SH,20250630,权益分成收入,P,14281170.54,,,CNY
688247.SH,20250630,自主研发技术成果转化,P,8545520.33,,,CNY
688247.SH,20250630,产品销售收入,P,153404209.53,42160461.33,111243748.2,CNY
688247.SH,20250630,CRO服务收入,P,20599675.54,8347839.76,12251835.78,CNY
688247.SH,20250630,其他业务,P,271511.33,187429.58,84081.75,CNY
688247.SH,20250630,CRO/CMO,P,13864283.61,8384711.04,5479572.57,CNY
688247.SH,20250630,代理权收入,P,8640663.78,,,CNY
688247.SH,20241231,代理权收入,P,14406686.23,,,CNY
688247.SH,20241231,CRO服务收入,P,54835934.54,25567368.24,29268566.3,CNY
688247.SH,20241231,其他业务,P,540228.69,229803.02,310425.67,CNY
688247.SH,20241231,直销,455006000,94141708.98,46410706.22,47731002.76,CNY
688247.SH,20241231,经销,455006000,416937365.47,217511809.46,199425556.01,CNY
688247.SH,20241231,医药制造,I,511079074.45,263922515.68,247156558.77,CNY
688247.SH,20241231,产品销售收入,P,350663350.26,145077605.58,205585744.68,CNY
688247.SH,20241231,CRO/CMO,P,30076690.11,17774442.32,12302247.79,CNY
688247.SH,20241231,中国大陆,D,303132897.65,144014951.36,159117946.29,CNY
688247.SH,20241231,权益分成收入,P,46821950.32,,,CNY
688247.SH,20241231,其他业务(销售模式),455006000,540228.69,229803.02,310425.67,CNY
688247.SH,20241231,其他业务(行业),I,540228.69,229803.02,310425.67,CNY
688247.SH,20241231,其他业务(地区),D,540228.69,229803.02,310425.67,CNY
688247.SH,20241231,自主研发技术成果转化,P,14274462.99,,,CNY
688247.SH,20241231,国外,D,207946176.8,119907564.32,88038612.48,CNY
688247.SH,20240630,CRO/CMO,P,15896660.23,8742257.17,7154403.06,CNY
688247.SH,20240630,产品销售收入,P,151536651.96,61176605.5,90360046.46,CNY
688247.SH,20240630,其他业务,P,416333.8,364209.89,52123.91,CNY
688247.SH,20240630,代理权收入,P,4840199.68,,,CNY
688247.SH,20240630,权益分成收入,P,19138590.46,,,CNY
688247.SH,20240630,CRO服务收入,P,25769972.21,12040049.21,13729923.0,CNY
688247.SH,20240630,自主研发技术成果转化,P,396226.42,,,CNY
688247.SH,20231231,其他业务收入,P,464815.22,329592.81,135222.41,CNY
688247.SH,20231231,代理权收入,P,8850592.88,,,CNY
688247.SH,20231231,自主研发技术成果转化,P,24618112.97,,,CNY
688247.SH,20231231,权益分成收入,P,21062376.79,,,CNY
688247.SH,20231231,CRO/CMO,P,9033568.39,3373184.56,5660383.83,CNY
688247.SH,20231231,国外,D,94245352.5,56742441.62,37502910.88,CNY
688247.SH,20231231,中国大陆,D,205161120.7,110534357.51,94626763.19,CNY
688247.SH,20231231,其他业务(地区),D,464815.22,329592.81,135222.41,CNY
688247.SH,20231231,医药制造,I,299406473.2,167276799.13,132129674.07,CNY
688247.SH,20231231,CRO服务收入,P,60193962.47,33408572.04,26785390.43,CNY
688247.SH,20231231,产品销售收入,P,175647859.7,75963959.89,99683899.81,CNY
688247.SH,20231231,其他业务,P,464815.22,329592.81,135222.41,CNY
688247.SH,20230630,产品销售收入,P,54418266.73,,,CNY
688247.SH,20230630,CRO服务收入,P,33775363.96,,,CNY
688247.SH,20230630,权益分成收入,P,9279884.2,,,CNY
688247.SH,20230630,自主研发技术成果转化,P,7877242.58,,,CNY
688247.SH,20230630,代理权收入,P,4039404.99,,,CNY
688247.SH,20230630,其他业务,P,1375261.27,,,CNY
688247.SH,20221231,CRO/CMO,P,73230373.77,37709324.69,35521049.08,CNY
688247.SH,20221231,权益分成收入,P,29765138.34,29765138.34,,CNY
688247.SH,20221231,自主研发技术成果转化,P,64859481.9,64859481.9,,CNY
688247.SH,20221231,医药制造,I,246688070.74,176149956.3,70538114.44,CNY
688247.SH,20221231,中国大陆,D,157814446.8,114056914.13,43757532.67,CNY
688247.SH,20221231,国外,D,88873623.94,62093042.17,26780581.77,CNY
688247.SH,20221231,销售产品,P,70803148.39,35786083.03,35017065.36,CNY
688247.SH,20221231,其他收入,P,8029928.34,8029928.34,,CNY
688247.SH,20221231,其他业务,P,874361.92,186066.45,688295.47,CNY
688247.SH,20221231,其他业务(地区),D,874361.92,186066.45,688295.47,CNY
688247.SH,20211231,商品销售,P,19285650.0,,,CNY
688247.SH,20211231,代理权收入,P,8044776.87,,,CNY
688247.SH,20211231,上海地区,D,20672800.0,,,CNY
688247.SH,20211231,广东,D,9417100.0,,,CNY
688247.SH,20211231,江苏,D,15628400.0,,,CNY
688247.SH,20211231,浙江,D,18318200.0,,,CNY
688247.SH,20211231,北京,D,3542200.0,,,CNY
688247.SH,20211231,西藏,D,14881700.0,,,CNY
688247.SH,20211231,权益分成收入,P,150106178.08,,,CNY
688247.SH,20211231,产品销售收入,P,87947613.26,41855725.15,46091888.11,CNY
688247.SH,20211231,CRO服务收入,P,48453128.33,26273892.27,22179236.06,CNY
688247.SH,20211231,美国,D,219642400.0,,,CNY
688247.SH,20211231,澳大利亚,D,7932800.0,,,CNY
688247.SH,20211231,其他收入,P,543380.65,270241.01,273139.64,CNY
688247.SH,20211231,山东,D,2599800.0,,,CNY
688247.SH,20211231,湖南,D,328700.0,,,CNY
688247.SH,20211231,重庆,D,420300.0,,,CNY
688247.SH,20211231,其他-境内,D,996200.0,,,CNY
688247.SH,20211231,其他业务,P,1089837.89,632663.3,457174.59,CNY
688247.SH,20211231,其他业务(地区),D,1089865.08,,,CNY
688247.SH,20210630,产品销售收入,P,31712300.19,15719548.28,15992751.91,CNY
688247.SH,20210630,代理权收入,P,2944782.8,,,CNY
688247.SH,20210630,北京,D,2740100.0,,,CNY
688247.SH,20210630,西藏,D,3740600.0,,,CNY
688247.SH,20210630,美国,D,116464100.0,,,CNY
688247.SH,20210630,澳大利亚,D,3713000.0,,,CNY
688247.SH,20210630,其他-境内,D,421600.0,,,CNY
688247.SH,20210630,湖南,D,328700.0,,,CNY
688247.SH,20210630,重庆,D,448700.0,,,CNY
688247.SH,20210630,其他业务,P,356943.66,116296.06,240647.6,CNY
