ts_code,end_date,bz_item,bz_code,bz_sales,bz_profit,bz_cost,curr_type
688798.SH,20250630,直销,455006000,254410647.32,89077719.0,165332928.32,CNY
688798.SH,20250630,直销,455006000,254410647.32,89077719.0,165332928.32,CNY
688798.SH,20250630,高端模数混合类芯片,P,707231740.47,248935131.43,458296609.04,CNY
688798.SH,20250630,国外,D,1002931921.19,351599283.17,651332638.02,CNY
688798.SH,20250630,电源系列,P,525049091.86,207441261.05,317607830.81,CNY
688798.SH,20250630,直销,455006000,254410647.32,89077719.0,165332928.32,CNY
688798.SH,20250630,国外,D,1002931921.19,351599283.17,651332638.02,CNY
688798.SH,20250630,其他主营业务,P,1864259.23,1550148.05,314111.18,CNY
688798.SH,20250630,信号链芯片,P,135413018.98,36697049.33,98715969.65,CNY
688798.SH,20250630,信号链芯片,P,135413018.98,36697049.33,98715969.65,CNY
688798.SH,20250630,直销,455006000,254410647.32,89077719.0,165332928.32,CNY
688798.SH,20250630,高端模数混合类芯片,P,707231740.47,248935131.43,458296609.04,CNY
688798.SH,20250630,国外,D,1002931921.19,351599283.17,651332638.02,CNY
688798.SH,20250630,中国大陆,D,366626189.35,143024306.69,223601882.66,CNY
688798.SH,20250630,高端模数混合类芯片,P,707231740.47,248935131.43,458296609.04,CNY
688798.SH,20250630,直销,455006000,254410647.32,89077719.0,165332928.32,CNY
688798.SH,20250630,经销,455006000,1115147463.22,405545870.86,709601592.36,CNY
688798.SH,20250630,信号链芯片,P,135413018.98,36697049.33,98715969.65,CNY
688798.SH,20250630,电源系列,P,525049091.86,207441261.05,317607830.81,CNY
688798.SH,20250630,国外,D,1002931921.19,351599283.17,651332638.02,CNY
688798.SH,20250630,其他主营业务,P,1864259.23,1550148.05,314111.18,CNY
688798.SH,20250630,信号链芯片,P,135413018.98,36697049.33,98715969.65,CNY
688798.SH,20250630,国外,D,1002931921.19,351599283.17,651332638.02,CNY
688798.SH,20250630,中国大陆,D,366626189.35,143024306.69,223601882.66,CNY
688798.SH,20250630,高端模数混合类芯片,P,707231740.47,248935131.43,458296609.04,CNY
688798.SH,20250630,经销,455006000,1115147463.22,405545870.86,709601592.36,CNY
688798.SH,20250630,中国大陆,D,366626189.35,143024306.69,223601882.66,CNY
688798.SH,20250630,高端模数混合类芯片,P,707231740.47,248935131.43,458296609.04,CNY
688798.SH,20250630,国外,D,1002931921.19,351599283.17,651332638.02,CNY
688798.SH,20250630,信号链芯片,P,135413018.98,36697049.33,98715969.65,CNY
688798.SH,20250630,电源系列,P,525049091.86,207441261.05,317607830.81,CNY
688798.SH,20250630,其他主营业务,P,1864259.23,1550148.05,314111.18,CNY
688798.SH,20250630,直销,455006000,254410647.32,89077719.0,165332928.32,CNY
688798.SH,20250630,经销,455006000,1115147463.22,405545870.86,709601592.36,CNY
688798.SH,20250630,经销,455006000,1115147463.22,405545870.86,709601592.36,CNY
688798.SH,20250630,其他主营业务,P,1864259.23,1550148.05,314111.18,CNY
688798.SH,20250630,信号链芯片,P,135413018.98,36697049.33,98715969.65,CNY
688798.SH,20250630,电源系列,P,525049091.86,207441261.05,317607830.81,CNY
688798.SH,20250630,直销,455006000,254410647.32,89077719.0,165332928.32,CNY
688798.SH,20250630,高端模数混合类芯片,P,707231740.47,248935131.43,458296609.04,CNY
688798.SH,20250630,中国大陆,D,366626189.35,143024306.69,223601882.66,CNY
688798.SH,20250630,经销,455006000,1115147463.22,405545870.86,709601592.36,CNY
688798.SH,20250630,直销,455006000,254410647.32,89077719.0,165332928.32,CNY
688798.SH,20250630,其他主营业务,P,1864259.23,1550148.05,314111.18,CNY
688798.SH,20250630,中国大陆,D,366626189.35,143024306.69,223601882.66,CNY
688798.SH,20250630,电源系列,P,525049091.86,207441261.05,317607830.81,CNY
688798.SH,20250630,国外,D,1002931921.19,351599283.17,651332638.02,CNY
688798.SH,20250630,高端模数混合类芯片,P,707231740.47,248935131.43,458296609.04,CNY
688798.SH,20250630,中国大陆,D,366626189.35,143024306.69,223601882.66,CNY
688798.SH,20250630,经销,455006000,1115147463.22,405545870.86,709601592.36,CNY
688798.SH,20250630,直销,455006000,254410647.32,89077719.0,165332928.32,CNY
688798.SH,20250630,其他主营业务,P,1864259.23,1550148.05,314111.18,CNY
688798.SH,20250630,电源系列,P,525049091.86,207441261.05,317607830.81,CNY
688798.SH,20250630,信号链芯片,P,135413018.98,36697049.33,98715969.65,CNY
688798.SH,20250630,国外,D,1002931921.19,351599283.17,651332638.02,CNY
688798.SH,20250630,高端模数混合类芯片,P,707231740.47,248935131.43,458296609.04,CNY
688798.SH,20250630,中国大陆,D,366626189.35,143024306.69,223601882.66,CNY
688798.SH,20250630,经销,455006000,1115147463.22,405545870.86,709601592.36,CNY
688798.SH,20250630,直销,455006000,254410647.32,89077719.0,165332928.32,CNY
688798.SH,20250630,其他主营业务,P,1864259.23,1550148.05,314111.18,CNY
688798.SH,20250630,高端模数混合类芯片,P,707231740.47,248935131.43,458296609.04,CNY
688798.SH,20250630,中国大陆,D,366626189.35,143024306.69,223601882.66,CNY
688798.SH,20250630,电源系列,P,525049091.86,207441261.05,317607830.81,CNY
688798.SH,20250630,信号链芯片,P,135413018.98,36697049.33,98715969.65,CNY
688798.SH,20250630,国外,D,1002931921.19,351599283.17,651332638.02,CNY
688798.SH,20250630,经销,455006000,1115147463.22,405545870.86,709601592.36,CNY
688798.SH,20250630,其他主营业务,P,1864259.23,1550148.05,314111.18,CNY
688798.SH,20250630,其他主营业务,P,1864259.23,1550148.05,314111.18,CNY
688798.SH,20250630,电源系列,P,525049091.86,207441261.05,317607830.81,CNY
688798.SH,20250630,信号链芯片,P,135413018.98,36697049.33,98715969.65,CNY
688798.SH,20250630,其他主营业务,P,1864259.23,1550148.05,314111.18,CNY
688798.SH,20250630,高端模数混合类芯片,P,707231740.47,248935131.43,458296609.04,CNY
688798.SH,20250630,经销,455006000,1115147463.22,405545870.86,709601592.36,CNY
688798.SH,20250630,中国大陆,D,366626189.35,143024306.69,223601882.66,CNY
688798.SH,20250630,中国大陆,D,366626189.35,143024306.69,223601882.66,CNY
688798.SH,20250630,高端模数混合类芯片,P,707231740.47,248935131.43,458296609.04,CNY
688798.SH,20250630,经销,455006000,1115147463.22,405545870.86,709601592.36,CNY
688798.SH,20250630,国外,D,1002931921.19,351599283.17,651332638.02,CNY
688798.SH,20250630,信号链芯片,P,135413018.98,36697049.33,98715969.65,CNY
688798.SH,20250630,电源系列,P,525049091.86,207441261.05,317607830.81,CNY
688798.SH,20250630,电源系列,P,525049091.86,207441261.05,317607830.81,CNY
688798.SH,20250630,其他主营业务,P,1864259.23,1550148.05,314111.18,CNY
688798.SH,20250630,电源系列,P,525049091.86,207441261.05,317607830.81,CNY
688798.SH,20250630,直销,455006000,254410647.32,89077719.0,165332928.32,CNY
688798.SH,20250630,中国大陆,D,366626189.35,143024306.69,223601882.66,CNY
688798.SH,20250630,经销,455006000,1115147463.22,405545870.86,709601592.36,CNY
688798.SH,20250630,国外,D,1002931921.19,351599283.17,651332638.02,CNY
688798.SH,20250630,信号链芯片,P,135413018.98,36697049.33,98715969.65,CNY
688798.SH,20250630,经销,455006000,1115147463.22,405545870.86,709601592.36,CNY
688798.SH,20250630,直销,455006000,254410647.32,89077719.0,165332928.32,CNY
688798.SH,20250630,其他主营业务,P,1864259.23,1550148.05,314111.18,CNY
688798.SH,20250630,电源系列,P,525049091.86,207441261.05,317607830.81,CNY
688798.SH,20250630,信号链芯片,P,135413018.98,36697049.33,98715969.65,CNY
688798.SH,20250630,国外,D,1002931921.19,351599283.17,651332638.02,CNY
688798.SH,20250630,高端模数混合类芯片,P,707231740.47,248935131.43,458296609.04,CNY
688798.SH,20250630,中国大陆,D,366626189.35,143024306.69,223601882.66,CNY
688798.SH,20250630,经销,455006000,1115147463.22,405545870.86,709601592.36,CNY
688798.SH,20250630,直销,455006000,254410647.32,89077719.0,165332928.32,CNY
688798.SH,20250630,其他主营业务,P,1864259.23,1550148.05,314111.18,CNY
688798.SH,20250630,电源系列,P,525049091.86,207441261.05,317607830.81,CNY
688798.SH,20250630,信号链芯片,P,135413018.98,36697049.33,98715969.65,CNY
688798.SH,20250630,国外,D,1002931921.19,351599283.17,651332638.02,CNY
688798.SH,20250630,高端模数混合类芯片,P,707231740.47,248935131.43,458296609.04,CNY
688798.SH,20250630,中国大陆,D,366626189.35,143024306.69,223601882.66,CNY
688798.SH,20250630,经销,455006000,1115147463.22,405545870.86,709601592.36,CNY
688798.SH,20250630,直销,455006000,254410647.32,89077719.0,165332928.32,CNY
688798.SH,20250630,其他主营业务,P,1864259.23,1550148.05,314111.18,CNY
688798.SH,20250630,电源系列,P,525049091.86,207441261.05,317607830.81,CNY
688798.SH,20250630,信号链芯片,P,135413018.98,36697049.33,98715969.65,CNY
688798.SH,20250630,国外,D,1002931921.19,351599283.17,651332638.02,CNY
688798.SH,20250630,高端模数混合类芯片,P,707231740.47,248935131.43,458296609.04,CNY
688798.SH,20250630,中国大陆,D,366626189.35,143024306.69,223601882.66,CNY
688798.SH,20250630,经销,455006000,1115147463.22,405545870.86,709601592.36,CNY
688798.SH,20250630,直销,455006000,254410647.32,89077719.0,165332928.32,CNY
688798.SH,20250630,其他主营业务,P,1864259.23,1550148.05,314111.18,CNY
688798.SH,20250630,电源系列,P,525049091.86,207441261.05,317607830.81,CNY
688798.SH,20250630,信号链芯片,P,135413018.98,36697049.33,98715969.65,CNY
688798.SH,20250630,国外,D,1002931921.19,351599283.17,651332638.02,CNY
688798.SH,20250630,高端模数混合类芯片,P,707231740.47,248935131.43,458296609.04,CNY
688798.SH,20250630,中国大陆,D,366626189.35,143024306.69,223601882.66,CNY
688798.SH,20250630,经销,455006000,1115147463.22,405545870.86,709601592.36,CNY
688798.SH,20250630,直销,455006000,254410647.32,89077719.0,165332928.32,CNY
688798.SH,20250630,其他主营业务,P,1864259.23,1550148.05,314111.18,CNY
688798.SH,20250630,电源系列,P,525049091.86,207441261.05,317607830.81,CNY
688798.SH,20250630,信号链芯片,P,135413018.98,36697049.33,98715969.65,CNY
688798.SH,20250630,国外,D,1002931921.19,351599283.17,651332638.02,CNY
688798.SH,20250630,高端模数混合类芯片,P,707231740.47,248935131.43,458296609.04,CNY
688798.SH,20250630,中国大陆,D,366626189.35,143024306.69,223601882.66,CNY
688798.SH,20241231,直销,455006000,396921182.99,130232892.28,266688290.71,CNY
688798.SH,20241231,中国大陆,D,1111509370.56,368743796.08,742765574.48,CNY
688798.SH,20241231,国外,D,1821420489.18,523775403.02,1297645086.16,CNY
688798.SH,20241231,其他主营业务,P,2073442.78,2069001.91,4440.87,CNY
688798.SH,20241231,信号链芯片,P,491282221.32,83134929.32,408147292.0,CNY
688798.SH,20241231,电源系列,P,1047255278.17,385652918.7,661602359.47,CNY
688798.SH,20241231,高端模数混合类芯片,P,1392318917.47,421662349.17,970656568.3,CNY
688798.SH,20241231,经销,455006000,2536008676.75,762286306.82,1773722369.93,CNY
688798.SH,20241231,集成电路设计(行业),I,2932929859.74,892519199.1,2040410660.64,CNY
688798.SH,20240630,高端模数混合类芯片,P,756144100.6,210629756.42,545514344.18,CNY
688798.SH,20240630,电源系列,P,522296909.76,189040360.03,333256549.73,CNY
688798.SH,20240630,其他主营业务,P,903865.56,,,CNY
688798.SH,20240630,国外,D,897394569.91,240655583.06,656738986.85,CNY
688798.SH,20240630,信号链芯片,P,302104156.11,43598432.22,258505723.89,CNY
688798.SH,20240630,中国大陆,D,684054462.12,203516831.17,480537630.95,CNY
688798.SH,20231231,集成电路设计(行业),I,2530921518.18,628857792.83,1902063725.35,CNY
688798.SH,20231231,国外,D,1556871007.96,324751668.88,1232119339.08,CNY
688798.SH,20231231,中国大陆,D,974050510.22,304106123.95,669944386.27,CNY
688798.SH,20231231,信号链芯片,P,348609760.24,14496859.04,334112901.2,CNY
688798.SH,20231231,其他主营业务,P,18357588.45,12387002.84,5970585.61,CNY
688798.SH,20231231,电源系列,P,908855830.27,253584196.03,655271634.24,CNY
688798.SH,20231231,高端模数混合类芯片,P,1255098339.22,348389734.92,906708604.3,CNY
